2 0.1390625 0.45234375 0.0421875 0.06953125
2 0.19375 0.59453125 0.0421875 0.075
2 0.159375 0.6359375 0.03828125 0.06875
2 0.19453125 0.65859375 0.03984375 0.06640625
2 0.309375 0.4859375 0.03984375 0.06953125
2 0.3640625 0.4703125 0.0375 0.0671875
2 0.3609375 0.271875 0.03984375 0.07109375
0 0.70546875 0.23984375 0.040625 0.0703125
1 0.06484375 0.1078125 0.10078125 0.1578125
1 0.06015625 0.884375 0.096875 0.17109375
1 0.51484375 0.8828125 0.071875 0.153125
1 0.95859375 0.8703125 0.08203125 0.15625
1 0.953125 0.0984375 0.09375 0.16875
2 0.51015625 0.0953125 0.06953125 0.153125