2 0.13125 0.45390625 0.0421875 0.06953125
2 0.1828125 0.596875 0.0421875 0.075
2 0.1484375 0.63828125 0.0390625 0.06875
2 0.1828125 0.6609375 0.03984375 0.06640625
2 0.3015625 0.4890625 0.040625 0.06953125
2 0.35546875 0.475 0.03828125 0.0671875
2 0.35625 0.2765625 0.03984375 0.07109375
0 0.7015625 0.2484375 0.0421875 0.0703125
1 0.06328125 0.10859375 0.103125 0.159375
1 0.04765625 0.884375 0.09453125 0.17109375
1 0.49921875 0.8890625 0.075 0.153125
1 0.94375 0.88203125 0.08515625 0.15703125
1 0.9515625 0.11015625 0.09453125 0.16875
2 0.50859375 0.1015625 0.071875 0.153125