2 0.1421875 0.44609375 0.04296875 0.0703125
2 0.1953125 0.5890625 0.04296875 0.0765625
2 0.1609375 0.63046875 0.0390625 0.06953125
2 0.19609375 0.653125 0.040625 0.06640625
2 0.31328125 0.4828125 0.040625 0.0703125
2 0.3671875 0.46796875 0.03828125 0.06875
2 0.36640625 0.26953125 0.040625 0.071875
0 0.71171875 0.24296875 0.0421875 0.07109375
1 0.071875 0.10078125 0.1046875 0.16015625
1 0.0578125 0.8765625 0.10078125 0.171875
1 0.5140625 0.8828125 0.0765625 0.1546875
1 0.95703125 0.878125 0.08515625 0.15703125
1 0.95625 0.10625 0.08671875 0.1703125
2 0.5171875 0.0953125 0.0734375 0.1546875