0 0.53515625 0.52265625 0.0390625 0.07109375
1 0.934375 0.125 0.096875 0.15625
1 0.48828125 0.1078125 0.06328125 0.15546875
1 0.046875 0.09921875 0.0890625 0.16796875
1 0.03828125 0.86875 0.0765625 0.16328125
1 0.478125 0.88984375 0.06875 0.159375
1 0.9375 0.9015625 0.10078125 0.1734375
2 0.0703125 0.7625 0.04296875 0.06953125
2 0.1125 0.7328125 0.04375 0.07421875
2 0.2484375 0.7953125 0.0421875 0.07421875
2 0.26015625 0.6453125 0.03984375 0.06953125
2 0.20625 0.59375 0.0390625 0.06953125
2 0.2359375 0.14375 0.040625 0.071875
2 0.17890625 0.16328125 0.04375 0.07734375
2 0.3015625 0.15078125 0.040625 0.0734375
2 0.34375 0.1953125 0.0390625 0.071875
2 0.41875 0.5578125 0.0390625 0.071875
2 0.509375 0.46640625 0.03828125 0.06953125
2 0.55703125 0.578125 0.0390625 0.06953125
2 0.690625 0.1640625 0.040625 0.075
2 0.7453125 0.16484375 0.03984375 0.07109375
2 0.22578125 0.528125 0.0390625 0.06953125