0 0.525 0.50625 0.04296875 0.071875
1 0.94453125 0.1078125 0.1046875 0.16015625
1 0.50078125 0.090625 0.07109375 0.1578125
1 0.059375 0.08359375 0.09765625 0.1671875
1 0.0265625 0.8515625 0.053125 0.165625
1 0.45 0.87265625 0.07734375 0.1609375
1 0.9078125 0.88359375 0.109375 0.1765625
2 0.0484375 0.7453125 0.046875 0.0703125
2 0.09296875 0.715625 0.0484375 0.0765625
2 0.225 0.778125 0.046875 0.075
2 0.24453125 0.628125 0.04375 0.0703125
2 0.19375 0.5765625 0.04375 0.0703125
2 0.246875 0.1265625 0.04609375 0.0734375
2 0.1890625 0.14609375 0.0484375 0.078125
2 0.31171875 0.13359375 0.0453125 0.07421875
2 0.35078125 0.178125 0.04375 0.0734375
2 0.4078125 0.53984375 0.04296875 0.0734375
2 0.503125 0.44921875 0.0421875 0.0703125
2 0.5453125 0.5609375 0.04296875 0.0703125
2 0.7 0.146875 0.04609375 0.0765625
2 0.7546875 0.14765625 0.04375 0.071875
2 0.215625 0.5109375 0.04375 0.0703125