0 0.46171875 0.5140625 0.0390625 0.0703125
1 0.065625 0.10859375 0.0953125 0.15546875
1 0.5109375 0.1 0.0625 0.15546875
1 0.95234375 0.0984375 0.0890625 0.1671875
1 0.959375 0.86796875 0.0796875 0.1625
1 0.51640625 0.88203125 0.0671875 0.1578125
1 0.05703125 0.884375 0.1 0.171875
2 0.925 0.7609375 0.04296875 0.06875
2 0.8828125 0.73125 0.04375 0.0734375
2 0.74765625 0.790625 0.0421875 0.0734375
2 0.7359375 0.640625 0.03984375 0.06875
2 0.78984375 0.58984375 0.03984375 0.06875
2 0.7625 0.13984375 0.0421875 0.07109375
2 0.81953125 0.16015625 0.04375 0.0765625
2 0.69765625 0.1453125 0.040625 0.071875
2 0.65546875 0.1890625 0.03984375 0.07109375
2 0.578125 0.55 0.0390625 0.07109375
2 0.4875 0.4578125 0.03828125 0.06875
2 0.4390625 0.56875 0.0390625 0.06875
2 0.3078125 0.1515625 0.0421875 0.07421875
2 0.253125 0.1515625 0.03984375 0.0703125
2 0.771875 0.52421875 0.03984375 0.06875