0 0.7421875 0.7546875 0.03828125 0.0671875
1 0.07734375 0.134375 0.10078125 0.1625
1 0.521875 0.12578125 0.065625 0.15625
1 0.9578125 0.1296875 0.084375 0.171875
1 0.96171875 0.9015625 0.0765625 0.171875
1 0.525 0.91171875 0.0640625 0.153125
1 0.06875 0.9078125 0.1 0.1671875
2 0.7375 0.6921875 0.0390625 0.0671875
2 0.771875 0.7140625 0.040625 0.071875
2 0.70859375 0.725 0.03984375 0.0703125
2 0.71015625 0.790625 0.03984375 0.0671875
2 0.74296875 0.81953125 0.0421875 0.07109375
2 0.77265625 0.78671875 0.0421875 0.07109375
2 0.615625 0.4765625 0.0375 0.0625
2 0.56328125 0.4140625 0.03828125 0.06875
2 0.5796875 0.35625 0.0375 0.06875
2 0.61640625 0.36875 0.0390625 0.06875
2 0.653125 0.3703125 0.03828125 0.06640625
2 0.5984375 0.4203125 0.03828125 0.0671875
2 0.634375 0.421875 0.03828125 0.06640625
2 0.80078125 0.75 0.040625 0.06875
2 0.5796875 0.47265625 0.0375 0.0640625