0 0.228125 0.73515625 0.04296875 0.06953125
1 0.9421875 0.159375 0.1125 0.1703125
1 0.50234375 0.12265625 0.07890625 0.16015625
1 0.0671875 0.0984375 0.0984375 0.178125
1 0.02109375 0.86796875 0.0421875 0.1765625
1 0.43046875 0.90625 0.078125 0.15703125
1 0.8859375 0.9203125 0.1140625 0.15
2 0.23828125 0.6734375 0.04375 0.06953125
2 0.2015625 0.69296875 0.046875 0.075
2 0.2640625 0.70859375 0.04609375 0.0734375
2 0.25625 0.7734375 0.04609375 0.06953125
2 0.22109375 0.80078125 0.04765625 0.07421875
2 0.19453125 0.76640625 0.046875 0.07421875
2 0.378125 0.46640625 0.0421875 0.0640625
2 0.4359375 0.40703125 0.04296875 0.07109375
2 0.4234375 0.3484375 0.04296875 0.0703125
2 0.3859375 0.35859375 0.04375 0.07109375
2 0.35 0.35859375 0.04296875 0.06875
2 0.4 0.4109375 0.04375 0.0703125
2 0.3640625 0.4109375 0.04375 0.06875
2 0.1703125 0.72734375 0.046875 0.07109375
2 0.4140625 0.46484375 0.0421875 0.06640625