0 0.240625 0.73515625 0.0421875 0.06953125
1 0.9453125 0.159375 0.109375 0.1703125
1 0.5046875 0.12265625 0.0765625 0.16015625
1 0.06875 0.0984375 0.0953125 0.178125
1 0.028125 0.86796875 0.05546875 0.1765625
1 0.44609375 0.90625 0.075 0.15703125
1 0.90234375 0.9203125 0.1109375 0.15
2 0.25 0.6734375 0.04296875 0.06953125
2 0.2140625 0.69296875 0.04609375 0.075
2 0.2765625 0.70859375 0.0453125 0.0734375
2 0.2703125 0.7734375 0.0453125 0.06953125
2 0.23515625 0.80078125 0.046875 0.07421875
2 0.2078125 0.76640625 0.04609375 0.07421875
2 0.38671875 0.46640625 0.040625 0.0640625
2 0.44296875 0.40703125 0.0421875 0.07109375
2 0.43046875 0.3484375 0.0421875 0.0703125
2 0.3921875 0.35859375 0.04296875 0.07109375
2 0.35625 0.35859375 0.0421875 0.06875
2 0.4078125 0.4109375 0.04296875 0.0703125
2 0.371875 0.4109375 0.04296875 0.06875
2 0.1828125 0.72734375 0.04609375 0.07109375
2 0.42265625 0.46484375 0.040625 0.06640625