0 0.6609375 0.38046875 0.0375 0.06328125
1 0.059375 0.11875 0.096875 0.16328125
1 0.50625 0.10078125 0.06875 0.1546875
1 0.94609375 0.0953125 0.09296875 0.16875
1 0.96484375 0.86796875 0.0703125 0.153125
1 0.5265625 0.8828125 0.06953125 0.15703125
1 0.0703125 0.89140625 0.10078125 0.1703125
2 0.86015625 0.7984375 0.040625 0.0671875
2 0.80234375 0.55625 0.040625 0.065625
2 0.6609375 0.44453125 0.0390625 0.06328125
2 0.75546875 0.40625 0.0390625 0.0625
2 0.653125 0.315625 0.0359375 0.0625
2 0.615625 0.29375 0.0375 0.0625
2 0.56171875 0.30546875 0.0375 0.06875
2 0.596875 0.43046875 0.0375 0.06640625
2 0.5609375 0.6 0.03515625 0.059375
2 0.5015625 0.6734375 0.0328125 0.05546875
2 0.50703125 0.415625 0.0375 0.06328125
2 0.39921875 0.603125 0.0375 0.0625
2 0.278125 0.38828125 0.03984375 0.0625
2 0.303125 0.15703125 0.03828125 0.06875
2 0.2484375 0.1578125 0.0390625 0.06640625