0 0.6609375 0.3796875 0.0359375 0.06328125
1 0.065625 0.1109375 0.09375 0.16015625
1 0.5125 0.09765625 0.0640625 0.153125
1 0.953125 0.0984375 0.08984375 0.1671875
1 0.959375 0.87109375 0.0796875 0.15234375
1 0.51484375 0.88046875 0.06640625 0.15625
1 0.0578125 0.8828125 0.096875 0.16796875
2 0.85078125 0.8 0.03984375 0.0671875
2 0.79765625 0.55625 0.03984375 0.065625
2 0.659375 0.44375 0.03828125 0.06328125
2 0.7546875 0.40625 0.03828125 0.0625
2 0.6546875 0.3140625 0.03515625 0.0625
2 0.61796875 0.2921875 0.0359375 0.0625
2 0.56328125 0.303125 0.0359375 0.0671875
2 0.59609375 0.428125 0.0359375 0.06640625
2 0.55625 0.596875 0.034375 0.059375
2 0.4953125 0.67109375 0.0328125 0.0546875
2 0.50625 0.41328125 0.0359375 0.06328125
2 0.39375 0.5984375 0.0359375 0.0625
2 0.27734375 0.3828125 0.0390625 0.0625
2 0.3078125 0.1515625 0.0375 0.0671875
2 0.253125 0.15234375 0.03828125 0.06640625