0 0.32890625 0.39375 0.03984375 0.065625
1 0.9125 0.1046875 0.103125 0.1671875
1 0.465625 0.10703125 0.07421875 0.15703125
1 0.0375 0.1234375 0.075 0.171875
1 0.05 0.8953125 0.08984375 0.1578125
1 0.49453125 0.88984375 0.0765625 0.16015625
1 0.94453125 0.87578125 0.09375 0.1734375
2 0.15625 0.82109375 0.0453125 0.0703125
2 0.1984375 0.57578125 0.04375 0.06875
2 0.3328125 0.4578125 0.0421875 0.065625
2 0.2359375 0.42421875 0.0421875 0.0640625
2 0.33203125 0.32890625 0.0390625 0.0640625
2 0.36796875 0.3046875 0.03984375 0.0640625
2 0.42265625 0.3140625 0.03984375 0.0703125
2 0.3953125 0.440625 0.03984375 0.06875
2 0.4421875 0.6078125 0.03828125 0.06171875
2 0.50625 0.67890625 0.0359375 0.0578125
2 0.484375 0.421875 0.03984375 0.065625
2 0.60390625 0.603125 0.03984375 0.0640625
2 0.71171875 0.38359375 0.04296875 0.065625
2 0.67265625 0.153125 0.040625 0.0703125
2 0.72734375 0.15234375 0.0421875 0.06875