0 0.73125 0.275 0.0453125 0.0734375
1 0.096875 0.11171875 0.1078125 0.165625
1 0.5421875 0.1234375 0.07890625 0.15546875
1 0.96640625 0.1390625 0.0671875 0.16875
1 0.96015625 0.91015625 0.0796875 0.159375
1 0.5234375 0.90625 0.078125 0.1625
1 0.0703125 0.884375 0.103125 0.1671875
2 0.7203125 0.76015625 0.046875 0.071875
2 0.7140625 0.821875 0.04609375 0.0703125
2 0.74296875 0.86484375 0.046875 0.07421875
2 0.7796875 0.83125 0.04765625 0.0765625
2 0.7484375 0.7984375 0.0453125 0.0734375
2 0.7765625 0.753125 0.04765625 0.0765625
2 0.80625 0.79140625 0.046875 0.0734375
2 0.70625 0.32421875 0.04609375 0.07109375
2 0.79453125 0.25390625 0.04296875 0.06953125
2 0.7609375 0.24296875 0.0453125 0.071875
2 0.7421875 0.340625 0.04375 0.06875
2 0.71484375 0.21796875 0.04609375 0.0703125
2 0.69140625 0.27109375 0.04296875 0.06640625
2 0.771875 0.3015625 0.046875 0.07109375
2 0.61640625 0.2703125 0.0453125 0.07421875