0 0.7125 0.27265625 0.0390625 0.0703125
1 0.075 0.134375 0.0953125 0.16015625
1 0.5203125 0.128125 0.0671875 0.1515625
1 0.95859375 0.12734375 0.0828125 0.1640625
1 0.9625 0.90234375 0.0734375 0.1640625
1 0.52421875 0.91171875 0.06640625 0.1578125
1 0.06796875 0.9078125 0.09765625 0.1609375
2 0.71640625 0.7578125 0.0421875 0.06953125
2 0.71171875 0.81953125 0.040625 0.0671875
2 0.74140625 0.8609375 0.040625 0.07109375
2 0.778125 0.8265625 0.04296875 0.0734375
2 0.7453125 0.79453125 0.0390625 0.0703125
2 0.771875 0.7484375 0.0421875 0.0734375
2 0.803125 0.78515625 0.040625 0.0703125
2 0.6890625 0.321875 0.03984375 0.06875
2 0.775 0.2484375 0.03828125 0.0671875
2 0.7421875 0.23828125 0.03984375 0.06953125
2 0.72578125 0.33671875 0.0390625 0.06640625
2 0.69453125 0.215625 0.03984375 0.0671875
2 0.6734375 0.26953125 0.03828125 0.065625
2 0.75390625 0.29609375 0.040625 0.06875
2 0.5984375 0.271875 0.03984375 0.07109375