0 0.72109375 0.2765625 0.040625 0.07109375
1 0.084375 0.12734375 0.10078125 0.1625
1 0.52890625 0.12890625 0.0734375 0.15234375
1 0.9609375 0.134375 0.078125 0.165625
1 0.96640625 0.91015625 0.0671875 0.16484375
1 0.5328125 0.9125 0.07109375 0.159375
1 0.0765625 0.9 0.10234375 0.16328125
2 0.725 0.76171875 0.04375 0.0703125
2 0.7203125 0.8234375 0.04296875 0.06875
2 0.75078125 0.865625 0.04296875 0.071875
2 0.78671875 0.83125 0.0453125 0.07421875
2 0.7546875 0.7984375 0.040625 0.07109375
2 0.78046875 0.753125 0.04375 0.07421875
2 0.81171875 0.790625 0.04296875 0.07109375
2 0.6984375 0.32578125 0.0421875 0.06953125
2 0.784375 0.253125 0.03984375 0.06875
2 0.75078125 0.24296875 0.0421875 0.0703125
2 0.734375 0.340625 0.040625 0.06640625
2 0.70390625 0.21953125 0.0421875 0.0671875
2 0.68203125 0.27265625 0.03984375 0.065625
2 0.7625 0.30078125 0.04296875 0.06953125
2 0.6078125 0.27421875 0.0421875 0.071875