0 0.334375 0.5328125 0.040625 0.0703125
1 0.9234375 0.08125 0.1015625 0.1609375
1 0.48125 0.0890625 0.06953125 0.15546875
1 0.04296875 0.1046875 0.0859375 0.16875
1 0.03984375 0.8734375 0.07890625 0.16796875
1 0.47890625 0.8703125 0.0703125 0.159375
1 0.93828125 0.85234375 0.10078125 0.16875
2 0.178125 0.80625 0.04375 0.075
2 0.15 0.65546875 0.04296875 0.07109375
2 0.18828125 0.5828125 0.04375 0.06875
2 0.16796875 0.52421875 0.0421875 0.06953125
2 0.0625 0.453125 0.046875 0.07421875
2 0.08671875 0.2328125 0.046875 0.07421875
2 0.27265625 0.49921875 0.04296875 0.07109375
2 0.325 0.4640625 0.040625 0.07109375
2 0.3078125 0.5703125 0.0421875 0.06875
2 0.371875 0.565625 0.040625 0.06640625
2 0.4328125 0.49921875 0.03984375 0.0703125
2 0.5046875 0.5109375 0.040625 0.06953125
2 0.54765625 0.50703125 0.0390625 0.06875
2 0.23828125 0.64921875 0.0421875 0.06953125