0 0.65078125 0.5578125 0.04375 0.07109375
1 0.08828125 0.08984375 0.10625 0.1640625
1 0.53125 0.11015625 0.07421875 0.15625
1 0.9609375 0.13984375 0.07734375 0.17109375
1 0.92890625 0.90703125 0.08984375 0.17109375
1 0.4875 0.890625 0.0765625 0.16015625
1 0.040625 0.859375 0.08125 0.171875
2 0.79140625 0.83515625 0.04609375 0.0765625
2 0.82890625 0.6859375 0.0453125 0.071875
2 0.79453125 0.61171875 0.046875 0.0703125
2 0.81875 0.55390625 0.0453125 0.0703125
2 0.928125 0.4859375 0.0484375 0.075
2 0.91640625 0.26484375 0.0484375 0.075
2 0.71484375 0.52578125 0.04609375 0.071875
2 0.665625 0.4890625 0.04375 0.071875
2 0.6765625 0.5953125 0.0453125 0.0703125
2 0.61171875 0.5890625 0.04296875 0.06875
2 0.5546875 0.521875 0.0421875 0.07109375
2 0.48359375 0.53046875 0.04296875 0.0703125
2 0.440625 0.525 0.0421875 0.06953125
2 0.740625 0.6765625 0.04375 0.0703125