0 0.659375 0.53828125 0.0390625 0.06875
1 0.06875 0.11015625 0.096875 0.15703125
1 0.5109375 0.1 0.0640625 0.15234375
1 0.95390625 0.0984375 0.090625 0.165625
1 0.959375 0.86640625 0.0796875 0.16484375
1 0.5171875 0.88125 0.06640625 0.15625
1 0.05859375 0.88203125 0.096875 0.165625
2 0.81796875 0.80546875 0.0421875 0.0734375
2 0.84453125 0.653125 0.040625 0.06953125
2 0.80625 0.58125 0.0421875 0.0671875
2 0.8265625 0.52265625 0.03984375 0.0671875
2 0.93125 0.446875 0.0453125 0.071875
2 0.90546875 0.22734375 0.0453125 0.071875
2 0.72109375 0.5015625 0.040625 0.06953125
2 0.66953125 0.46875 0.0390625 0.06953125
2 0.68671875 0.57421875 0.03984375 0.0671875
2 0.62265625 0.571875 0.0390625 0.065625
2 0.5609375 0.50859375 0.03828125 0.06875
2 0.490625 0.52265625 0.0390625 0.0671875
2 0.446875 0.5203125 0.0375 0.0671875
2 0.75625 0.65 0.03984375 0.0671875