0 0.25859375 0.4546875 0.04375 0.07109375
1 0.94765625 0.1109375 0.10234375 0.17109375
1 0.503125 0.090625 0.071875 0.15625
1 0.0609375 0.0828125 0.0984375 0.165625
1 0.0359375 0.853125 0.07109375 0.16328125
1 0.471875 0.8734375 0.06875 0.1578125
1 0.928125 0.884375 0.1015625 0.1671875
2 0.17265625 0.79140625 0.0453125 0.078125
2 0.0734375 0.475 0.0453125 0.0734375
2 0.08046875 0.3765625 0.04765625 0.0765625
2 0.13828125 0.38984375 0.04296875 0.0703125
2 0.2234375 0.3734375 0.04296875 0.071875
2 0.2625 0.3890625 0.04296875 0.0703125
2 0.29140625 0.425 0.04296875 0.0703125
2 0.309375 0.49921875 0.04375 0.071875
2 0.25625 0.5171875 0.04296875 0.06953125
2 0.30234375 0.56171875 0.04375 0.06953125
2 0.30625 0.6265625 0.04375 0.06953125
2 0.50859375 0.51484375 0.040625 0.06953125
2 0.55078125 0.5140625 0.040625 0.06953125
2 0.1703125 0.15 0.0484375 0.07890625