0 0.74296875 0.4671875 0.0421875 0.06953125
1 0.065625 0.11171875 0.096875 0.165625
1 0.5109375 0.1 0.0671875 0.153125
1 0.953125 0.0984375 0.09296875 0.16484375
1 0.959375 0.86953125 0.08125 0.159375
1 0.51484375 0.8828125 0.06328125 0.15546875
1 0.05859375 0.8859375 0.096875 0.1625
2 0.8171875 0.80546875 0.0421875 0.0765625
2 0.9265625 0.49140625 0.0421875 0.07109375
2 0.9234375 0.39296875 0.04609375 0.0734375
2 0.865625 0.4046875 0.040625 0.06875
2 0.78046875 0.3875 0.040625 0.0703125
2 0.740625 0.4015625 0.040625 0.06875
2 0.7109375 0.43671875 0.040625 0.06875
2 0.68984375 0.5109375 0.0421875 0.0703125
2 0.74296875 0.53046875 0.040625 0.0671875
2 0.6953125 0.57421875 0.0421875 0.0671875
2 0.68828125 0.6390625 0.0421875 0.0671875
2 0.490625 0.52265625 0.0390625 0.0671875
2 0.4484375 0.521875 0.0390625 0.0671875
2 0.8421875 0.16484375 0.046875 0.07734375