0 0.259375 0.47734375 0.04296875 0.07109375
1 0.928125 0.12578125 0.10078125 0.16875
1 0.4828125 0.1109375 0.07109375 0.15625
1 0.04453125 0.10703125 0.0890625 0.16875
1 0.05234375 0.878125 0.08515625 0.1625
1 0.496875 0.89375 0.0671875 0.1578125
1 0.9515625 0.9 0.096875 0.165625
2 0.19296875 0.815625 0.04296875 0.07734375
2 0.0765625 0.5 0.04296875 0.0734375
2 0.07734375 0.40234375 0.046875 0.075
2 0.1359375 0.4140625 0.0421875 0.0703125
2 0.21953125 0.396875 0.0421875 0.071875
2 0.26015625 0.4125 0.0421875 0.0703125
2 0.290625 0.44765625 0.0421875 0.0703125
2 0.31328125 0.521875 0.04296875 0.071875
2 0.26015625 0.540625 0.0421875 0.06953125
2 0.309375 0.58515625 0.04296875 0.06875
2 0.31796875 0.65 0.04296875 0.06953125
2 0.51328125 0.534375 0.03984375 0.06875
2 0.55546875 0.53359375 0.03984375 0.06953125
2 0.153125 0.1734375 0.04765625 0.078125