0 0.425 0.45859375 0.03828125 0.06875
1 0.07578125 0.134375 0.09375 0.165625
1 0.52109375 0.12734375 0.0671875 0.15546875
1 0.959375 0.1265625 0.08125 0.1640625
1 0.96171875 0.90546875 0.0765625 0.1671875
1 0.52265625 0.91015625 0.065625 0.1609375
1 0.0671875 0.90703125 0.10078125 0.16796875
2 0.79765625 0.31484375 0.03984375 0.0671875
2 0.44609375 0.4109375 0.03828125 0.0671875
2 0.4109375 0.51640625 0.0390625 0.06953125
2 0.6421875 0.54296875 0.03984375 0.06953125
2 0.7140625 0.54921875 0.040625 0.0703125
2 0.78984375 0.5875 0.03984375 0.06875
2 0.82578125 0.6515625 0.04296875 0.0703125
2 0.7015625 0.6140625 0.040625 0.0671875
2 0.721875 0.678125 0.040625 0.0703125
2 0.7921875 0.68671875 0.0421875 0.0703125
2 0.815625 0.73671875 0.0421875 0.06640625
2 0.846875 0.70546875 0.03984375 0.0671875
2 0.6765625 0.36171875 0.040625 0.0671875
2 0.66953125 0.4421875 0.03984375 0.07109375
2 0.70390625 0.4671875 0.0421875 0.06875