0 0.42578125 0.4609375 0.03984375 0.06953125
1 0.0640625 0.15 0.1 0.16875
1 0.50859375 0.1265625 0.0734375 0.15703125
1 0.94609375 0.1109375 0.0875 0.1671875
1 0.96953125 0.8890625 0.0609375 0.16875
1 0.5421875 0.909375 0.07109375 0.16328125
1 0.08671875 0.91796875 0.1078125 0.1640625
2 0.7921875 0.3046875 0.0421875 0.06875
2 0.44609375 0.4125 0.03984375 0.06875
2 0.41484375 0.51875 0.040625 0.0703125
2 0.646875 0.53828125 0.0421875 0.0703125
2 0.71796875 0.5421875 0.04296875 0.07109375
2 0.79609375 0.57734375 0.0421875 0.06953125
2 0.834375 0.640625 0.0453125 0.07109375
2 0.70859375 0.60625 0.04296875 0.06875
2 0.73203125 0.6703125 0.04296875 0.07109375
2 0.80234375 0.6765625 0.04375 0.07109375
2 0.82890625 0.72578125 0.04375 0.0671875
2 0.8578125 0.69375 0.0421875 0.06875
2 0.6734375 0.35625 0.04296875 0.06875
2 0.6703125 0.4359375 0.04296875 0.071875
2 0.7046875 0.459375 0.04375 0.06953125