0 0.5671875 0.46171875 0.0390625 0.06875
1 0.921875 0.13984375 0.096875 0.1671875
1 0.4765625 0.13046875 0.0703125 0.1546875
1 0.040625 0.1265625 0.08125 0.1640625
1 0.03046875 0.9046875 0.0609375 0.165625
1 0.4609375 0.91328125 0.0671875 0.1609375
1 0.9171875 0.9125 0.103125 0.16875
2 0.196875 0.315625 0.040625 0.06640625
2 0.54609375 0.4140625 0.03828125 0.0671875
2 0.5796875 0.51953125 0.03984375 0.06953125
2 0.3484375 0.5453125 0.03984375 0.06953125
2 0.2765625 0.55078125 0.0421875 0.0703125
2 0.2 0.5890625 0.040625 0.06875
2 0.16328125 0.653125 0.04375 0.0703125
2 0.28828125 0.615625 0.0421875 0.06640625
2 0.26640625 0.67890625 0.0421875 0.0703125
2 0.19609375 0.68828125 0.04296875 0.0703125
2 0.17109375 0.7375 0.0421875 0.06640625
2 0.14140625 0.70625 0.03984375 0.06640625
2 0.3171875 0.3640625 0.0421875 0.0671875
2 0.32265625 0.44375 0.040625 0.07109375
2 0.2875 0.46875 0.0421875 0.06875