0 0.221875 0.6140625 0.04296875 0.07421875
1 0.928125 0.11328125 0.103125 0.1609375
1 0.4828125 0.103125 0.071875 0.15703125
1 0.04375 0.10625 0.08671875 0.171875
1 0.04375 0.878125 0.08671875 0.16484375
1 0.48515625 0.88828125 0.07109375 0.159375
1 0.9421875 0.8859375 0.103125 0.17109375
2 0.0671875 0.6984375 0.046875 0.06953125
2 0.06640625 0.621875 0.0453125 0.0703125
2 0.10625 0.56640625 0.04296875 0.071875
2 0.0875 0.4484375 0.0421875 0.07421875
2 0.06328125 0.3859375 0.04375 0.07109375
2 0.159375 0.25859375 0.0421875 0.06875
2 0.2109375 0.45390625 0.0421875 0.071875
2 0.25703125 0.51796875 0.0421875 0.07109375
2 0.28984375 0.55625 0.03984375 0.065625
2 0.25703125 0.63515625 0.04296875 0.071875
2 0.3328125 0.61015625 0.040625 0.0671875
2 0.35859375 0.5546875 0.0421875 0.0734375
2 0.40859375 0.5046875 0.0390625 0.06953125
2 0.4734375 0.496875 0.0390625 0.06875