0 0.7765625 0.60625 0.0421875 0.071875
1 0.06484375 0.11015625 0.1 0.1578125
1 0.509375 0.09765625 0.06953125 0.15546875
1 0.95390625 0.0984375 0.0921875 0.1703125
1 0.9578125 0.86953125 0.084375 0.16328125
1 0.51640625 0.88203125 0.0671875 0.15703125
1 0.06015625 0.88203125 0.10078125 0.16875
2 0.93203125 0.690625 0.04609375 0.0671875
2 0.93203125 0.6140625 0.04375 0.06875
2 0.89140625 0.5578125 0.0421875 0.0703125
2 0.909375 0.43984375 0.040625 0.071875
2 0.9328125 0.37734375 0.04296875 0.06953125
2 0.83515625 0.25078125 0.040625 0.0671875
2 0.7859375 0.44609375 0.040625 0.0703125
2 0.740625 0.5109375 0.040625 0.06953125
2 0.7078125 0.54921875 0.0390625 0.065625
2 0.74140625 0.628125 0.0421875 0.0703125
2 0.665625 0.603125 0.03984375 0.0671875
2 0.6390625 0.54765625 0.040625 0.07109375
2 0.58828125 0.4984375 0.03828125 0.06875
2 0.52421875 0.49140625 0.03828125 0.0671875