0 0.23203125 0.59609375 0.04375 0.07421875
1 0.94375 0.0953125 0.10546875 0.1625
1 0.4984375 0.0859375 0.07421875 0.1578125
1 0.0546875 0.0890625 0.09765625 0.17265625
1 0.05390625 0.86015625 0.08125 0.165625
1 0.49296875 0.8703125 0.0734375 0.16015625
1 0.94765625 0.86875 0.1046875 0.171875
2 0.0765625 0.68125 0.04765625 0.06953125
2 0.0765625 0.6046875 0.04609375 0.0703125
2 0.11796875 0.5484375 0.04375 0.071875
2 0.09921875 0.43046875 0.04296875 0.07421875
2 0.0765625 0.36875 0.0453125 0.07109375
2 0.1734375 0.24140625 0.04296875 0.06875
2 0.2234375 0.43671875 0.04296875 0.071875
2 0.26875 0.50078125 0.04296875 0.07109375
2 0.30078125 0.5390625 0.040625 0.06640625
2 0.2671875 0.61796875 0.04375 0.071875
2 0.3421875 0.59296875 0.0421875 0.06875
2 0.36953125 0.5375 0.04296875 0.0734375
2 0.4203125 0.48671875 0.03984375 0.0703125
2 0.48515625 0.4796875 0.03984375 0.06953125