0 0.79296875 0.803125 0.0390625 0.06953125
1 0.08046875 0.1390625 0.08515625 0.153125
1 0.5203125 0.14140625 0.071875 0.13125
1 0.9546875 0.14140625 0.090625 0.1625
1 0.9625 0.8875 0.075 0.14375
1 0.52265625 0.9 0.065625 0.1296875
1 0.07890625 0.89140625 0.084375 0.1390625
2 0.8265625 0.83125 0.03984375 0.0671875
2 0.85546875 0.7953125 0.0359375 0.06640625
2 0.88203125 0.75078125 0.0390625 0.0703125
2 0.846875 0.7171875 0.03984375 0.0671875
2 0.821875 0.7609375 0.0390625 0.06875
2 0.75859375 0.77109375 0.0375 0.0671875
2 0.69453125 0.65625 0.03984375 0.07421875
2 0.67265625 0.58515625 0.04375 0.0703125
2 0.665625 0.5109375 0.03828125 0.06640625
2 0.73984375 0.4546875 0.04375 0.0671875
2 0.82109375 0.41796875 0.0390625 0.06640625
2 0.3640625 0.5078125 0.0421875 0.07109375
2 0.365625 0.36171875 0.0359375 0.0765625
2 0.33125 0.29609375 0.0453125 0.0703125
2 0.31953125 0.240625 0.03828125 0.059375