0 0.8015625 0.7984375 0.040625 0.0703125
1 0.0890625 0.13125 0.090625 0.15546875
1 0.52890625 0.13515625 0.0765625 0.1328125
1 0.95703125 0.13671875 0.0859375 0.1640625
1 0.96484375 0.88359375 0.0703125 0.1453125
1 0.53203125 0.89453125 0.06953125 0.13203125
1 0.0875 0.88359375 0.0875 0.140625
2 0.83515625 0.82734375 0.0421875 0.06875
2 0.8640625 0.79140625 0.03828125 0.06640625
2 0.890625 0.74765625 0.040625 0.07109375
2 0.85546875 0.7125 0.0421875 0.0671875
2 0.83046875 0.75703125 0.040625 0.06953125
2 0.7671875 0.76640625 0.0390625 0.06875
2 0.703125 0.6515625 0.0421875 0.075
2 0.68125 0.5796875 0.04609375 0.071875
2 0.675 0.50625 0.03984375 0.06640625
2 0.7484375 0.45078125 0.04609375 0.06953125
2 0.8296875 0.4140625 0.040625 0.06640625
2 0.37265625 0.50078125 0.04375 0.0734375
2 0.37421875 0.3546875 0.03828125 0.0765625
2 0.3390625 0.28984375 0.046875 0.071875
2 0.328125 0.23359375 0.03984375 0.059375