0 0.778125 0.8171875 0.040625 0.0703125
1 0.08515625 0.1328125 0.08984375 0.15546875
1 0.525 0.14765625 0.0765625 0.1328125
1 0.9546875 0.159375 0.0875 0.16484375
1 0.9453125 0.90703125 0.0796875 0.1453125
1 0.50625 0.90625 0.06953125 0.13203125
1 0.06171875 0.88515625 0.0875 0.140625
2 0.8109375 0.846875 0.0421875 0.06875
2 0.840625 0.8109375 0.03828125 0.06640625
2 0.86875 0.76796875 0.040625 0.07109375
2 0.834375 0.7328125 0.0421875 0.0671875
2 0.80859375 0.77578125 0.040625 0.06953125
2 0.7453125 0.784375 0.0390625 0.06875
2 0.68359375 0.6671875 0.0421875 0.075
2 0.66484375 0.5953125 0.04609375 0.071875
2 0.66015625 0.521875 0.03984375 0.06640625
2 0.73515625 0.46796875 0.04609375 0.06953125
2 0.81796875 0.43359375 0.040625 0.06640625
2 0.3578125 0.509375 0.04375 0.0734375
2 0.36328125 0.3640625 0.03828125 0.0765625
2 0.33125 0.29765625 0.046875 0.071875
2 0.32109375 0.24140625 0.03984375 0.059375