0 0.82109375 0.4 0.04765625 0.0734375
1 0.05390625 0.16484375 0.10546875 0.17578125
1 0.49609375 0.1203125 0.08203125 0.159375
1 0.93203125 0.0875 0.0953125 0.175
1 0.97734375 0.8578125 0.0453125 0.171875
1 0.5625 0.90546875 0.08125 0.16328125
1 0.10859375 0.92265625 0.11640625 0.153125
2 0.871875 0.57890625 0.0484375 0.0765625
2 0.85 0.46015625 0.04765625 0.075
2 0.87265625 0.359375 0.04609375 0.0703125
2 0.87265625 0.41953125 0.046875 0.07421875
2 0.85234375 0.66484375 0.046875 0.07421875
2 0.809375 0.671875 0.04765625 0.07421875
2 0.775 0.60859375 0.04765625 0.078125
2 0.690625 0.6078125 0.0453125 0.078125
2 0.675 0.4640625 0.04375 0.071875
2 0.81328125 0.4578125 0.046875 0.07421875
2 0.83671875 0.346875 0.04765625 0.0765625
2 0.65546875 0.61015625 0.04375 0.0703125
2 0.6625 0.52109375 0.03984375 0.06875
2 0.5734375 0.48671875 0.04296875 0.0734375
2 0.625 0.55390625 0.04609375 0.07421875