0 0.8140625 0.46328125 0.04765625 0.071875
1 0.0921875 0.11484375 0.10625 0.175
1 0.5375 0.1375 0.08125 0.1578125
1 0.96171875 0.17109375 0.0734375 0.17578125
1 0.91875 0.92734375 0.0875 0.1453125
1 0.4796875 0.92109375 0.0796875 0.15703125
1 0.0421875 0.884375 0.084375 0.178125
2 0.83671875 0.64765625 0.04765625 0.075
2 0.834375 0.5265625 0.04765625 0.07421875
2 0.871875 0.43125 0.04609375 0.0703125
2 0.8625 0.490625 0.046875 0.0734375
2 0.80390625 0.7296875 0.046875 0.0734375
2 0.7609375 0.7296875 0.04765625 0.0734375
2 0.7359375 0.6625 0.046875 0.07734375
2 0.65390625 0.6484375 0.0453125 0.07734375
2 0.66015625 0.50390625 0.04375 0.07109375
2 0.79765625 0.51875 0.046875 0.0734375
2 0.83828125 0.41328125 0.04765625 0.075
2 0.61796875 0.646875 0.04375 0.06953125
2 0.63828125 0.55859375 0.03984375 0.06875
2 0.55625 0.51171875 0.04296875 0.071875
2 0.596875 0.5859375 0.04609375 0.0734375