0 0.821875 0.43203125 0.04296875 0.06953125
1 0.075 0.13515625 0.09453125 0.16875
1 0.5203125 0.1265625 0.06953125 0.1546875
1 0.95859375 0.1296875 0.0828125 0.17109375
1 0.9625 0.9015625 0.075 0.1671875
1 0.52265625 0.91484375 0.06875 0.1578125
1 0.06875 0.90703125 0.10234375 0.17109375
2 0.8578125 0.61484375 0.04296875 0.071875
2 0.84609375 0.49375 0.0421875 0.07109375
2 0.8765625 0.3953125 0.040625 0.0671875
2 0.871875 0.45546875 0.0421875 0.0703125
2 0.83125 0.6984375 0.0421875 0.0703125
2 0.78828125 0.7015625 0.04296875 0.0703125
2 0.75859375 0.6359375 0.0421875 0.07421875
2 0.675 0.628125 0.0390625 0.07421875
2 0.67109375 0.48359375 0.03828125 0.06875
2 0.809375 0.4890625 0.040625 0.0703125
2 0.8421875 0.38046875 0.0421875 0.071875
2 0.6390625 0.628125 0.0390625 0.0671875
2 0.653125 0.53984375 0.03515625 0.06640625
2 0.56875 0.4984375 0.03828125 0.06953125
2 0.6140625 0.56953125 0.03984375 0.0703125