0 0.33125 0.44609375 0.04609375 0.0734375
1 0.9546875 0.13125 0.090625 0.16328125
1 0.51875 0.09453125 0.0796875 0.159375
1 0.07734375 0.07890625 0.10859375 0.15703125
1 0.04609375 0.8359375 0.065625 0.1640625
1 0.4734375 0.87421875 0.07734375 0.16015625
1 0.93046875 0.903125 0.115625 0.16875
2 0.12890625 0.57421875 0.05 0.07421875
2 0.096875 0.371875 0.05078125 0.0734375
2 0.18984375 0.24296875 0.046875 0.07109375
2 0.2234375 0.21875 0.04609375 0.07109375
2 0.27265625 0.18828125 0.046875 0.06953125
2 0.2578125 0.24375 0.04765625 0.07421875
2 0.24921875 0.30546875 0.04765625 0.071875
2 0.3453125 0.31953125 0.046875 0.0734375
2 0.3421875 0.38515625 0.0453125 0.0703125
2 0.8890625 0.30390625 0.05078125 0.0765625
2 0.303125 0.4859375 0.04609375 0.075
2 0.45234375 0.584375 0.04296875 0.071875
2 0.36640625 0.56484375 0.0453125 0.0734375
2 0.4890625 0.31328125 0.04375 0.075
2 0.68671875 0.68125 0.0453125 0.071875