0 0.325 0.46875 0.04375 0.0703125
1 0.92265625 0.096875 0.1015625 0.159375
1 0.47578125 0.10078125 0.07421875 0.15625
1 0.04296875 0.11875 0.08515625 0.16875
1 0.0640625 0.884375 0.0890625 0.1609375
1 0.50859375 0.88203125 0.0703125 0.15703125
1 0.9546875 0.86875 0.08984375 0.16484375
2 0.1359375 0.615625 0.046875 0.071875
2 0.084375 0.415625 0.04765625 0.07109375
2 0.1640625 0.27890625 0.04375 0.06875
2 0.1953125 0.2515625 0.04296875 0.06875
2 0.240625 0.2171875 0.0453125 0.0671875
2 0.23203125 0.27421875 0.0453125 0.07109375
2 0.22890625 0.3359375 0.0453125 0.06953125
2 0.32578125 0.3421875 0.04375 0.0703125
2 0.32890625 0.40703125 0.04296875 0.06875
2 0.865625 0.275 0.0484375 0.07421875
2 0.3 0.5109375 0.04375 0.071875
2 0.45859375 0.5953125 0.03984375 0.0703125
2 0.371875 0.584375 0.04296875 0.0703125
2 0.46875 0.321875 0.0421875 0.071875
2 0.7015625 0.6703125 0.04296875 0.06953125