0 0.67890625 0.4625 0.040625 0.06953125
1 0.06484375 0.11171875 0.09453125 0.15625
1 0.5109375 0.1 0.0671875 0.1546875
1 0.95234375 0.10234375 0.09375 0.165625
1 0.959375 0.86875 0.08125 0.1578125
1 0.51484375 0.88203125 0.06328125 0.15546875
1 0.0578125 0.884375 0.1015625 0.1609375
2 0.875 0.60234375 0.04375 0.0703125
2 0.9171875 0.4015625 0.0453125 0.06953125
2 0.83125 0.2671875 0.040625 0.0671875
2 0.7984375 0.24140625 0.03984375 0.0671875
2 0.7515625 0.2078125 0.0421875 0.06640625
2 0.7640625 0.26484375 0.0421875 0.0703125
2 0.76875 0.3265625 0.0421875 0.06875
2 0.67265625 0.33515625 0.040625 0.06953125
2 0.67265625 0.40078125 0.03984375 0.0671875
2 0.13046875 0.28828125 0.0453125 0.071875
2 0.70625 0.503125 0.040625 0.07109375
2 0.5515625 0.59375 0.0375 0.06953125
2 0.6375 0.57890625 0.03984375 0.06953125
2 0.52890625 0.32109375 0.0390625 0.07109375
2 0.3125 0.6765625 0.03984375 0.06875