0 0.521875 0.34375 0.03828125 0.07109375
1 0.06171875 0.11875 0.09453125 0.1578125
1 0.50234375 0.1125 0.0671875 0.15
1 0.9421875 0.1203125 0.09296875 0.1578125
1 0.94609375 0.875 0.096875 0.159375
1 0.50390625 0.88515625 0.0671875 0.15625
1 0.0609375 0.8796875 0.09453125 0.1625
2 0.73671875 0.6765625 0.0421875 0.07109375
2 0.77734375 0.528125 0.03828125 0.06875
2 0.70859375 0.40703125 0.03828125 0.06875
2 0.753125 0.2921875 0.03984375 0.0671875
2 0.68359375 0.30234375 0.03828125 0.0671875
2 0.61171875 0.3421875 0.0390625 0.0703125
2 0.61015625 0.465625 0.03984375 0.07109375
2 0.628125 0.5734375 0.0390625 0.06953125
2 0.69453125 0.49765625 0.040625 0.07109375
2 0.57578125 0.6828125 0.03828125 0.0703125
2 0.51875 0.4671875 0.0390625 0.07109375
2 0.4125 0.41171875 0.0375 0.0671875
2 0.44765625 0.578125 0.0390625 0.06953125
2 0.32890625 0.2859375 0.0390625 0.06875
2 0.33515625 0.5734375 0.0390625 0.0671875