0 0.50859375 0.35546875 0.04296875 0.0734375
1 0.0484375 0.134375 0.096875 0.1625
1 0.4859375 0.12421875 0.0765625 0.1546875
1 0.9265625 0.1265625 0.10234375 0.16328125
1 0.93359375 0.88125 0.096875 0.1640625
1 0.496875 0.896875 0.07734375 0.16015625
1 0.05390625 0.896875 0.103125 0.1671875
2 0.72734375 0.68515625 0.04609375 0.0734375
2 0.76640625 0.5359375 0.0421875 0.0703125
2 0.69609375 0.41640625 0.0421875 0.0703125
2 0.7390625 0.3015625 0.04375 0.06953125
2 0.6703125 0.31171875 0.0421875 0.06953125
2 0.5984375 0.35234375 0.04296875 0.071875
2 0.59765625 0.47578125 0.04375 0.0734375
2 0.6171875 0.584375 0.04296875 0.07109375
2 0.68359375 0.50703125 0.0453125 0.0734375
2 0.56640625 0.69375 0.0421875 0.071875
2 0.50703125 0.47890625 0.04375 0.0734375
2 0.39921875 0.42421875 0.040625 0.06953125
2 0.43671875 0.590625 0.04296875 0.07109375
2 0.31484375 0.29921875 0.04296875 0.0703125
2 0.32421875 0.5875 0.04296875 0.06953125