0 0.4765625 0.3328125 0.03828125 0.071875
1 0.93828125 0.096875 0.0953125 0.16015625
1 0.496875 0.10078125 0.0671875 0.15234375
1 0.05703125 0.11875 0.09375 0.16015625
1 0.04921875 0.8734375 0.096875 0.1609375
1 0.490625 0.8734375 0.06875 0.1578125
1 0.934375 0.8578125 0.09453125 0.1640625
2 0.259375 0.6703125 0.040625 0.071875
2 0.21953125 0.52265625 0.03828125 0.06953125
2 0.2890625 0.4 0.03828125 0.06953125
2 0.2453125 0.28671875 0.03984375 0.0671875
2 0.3140625 0.2953125 0.03828125 0.06875
2 0.3859375 0.3328125 0.0390625 0.07109375
2 0.3875 0.45625 0.0390625 0.071875
2 0.36875 0.56484375 0.0390625 0.0703125
2 0.30234375 0.490625 0.040625 0.071875
2 0.4203125 0.67265625 0.0375 0.07109375
2 0.478125 0.45625 0.0390625 0.071875
2 0.58515625 0.39765625 0.0375 0.06875
2 0.5484375 0.565625 0.0390625 0.0703125
2 0.66953125 0.2703125 0.0390625 0.06953125
2 0.6609375 0.5578125 0.0390625 0.06875