0 0.47421875 0.35546875 0.03828125 0.0703125
1 0.06328125 0.1203125 0.0953125 0.1578125
1 0.50234375 0.1140625 0.06953125 0.1515625
1 0.940625 0.12421875 0.0953125 0.16484375
1 0.9453125 0.8734375 0.09453125 0.1640625
1 0.50390625 0.88203125 0.065625 0.15625
1 0.0609375 0.8796875 0.09296875 0.16015625
2 0.325 0.5671875 0.03828125 0.0671875
2 0.321875 0.325 0.0390625 0.0671875
2 0.38203125 0.4109375 0.03828125 0.0671875
2 0.4109375 0.60625 0.0390625 0.0671875
2 0.44296875 0.428125 0.0375 0.06875
2 0.5359375 0.3078125 0.0390625 0.06953125
2 0.5984375 0.44140625 0.03828125 0.0671875
2 0.62578125 0.34453125 0.03828125 0.0671875
2 0.7703125 0.28203125 0.0390625 0.06875
2 0.7765625 0.5265625 0.0390625 0.06875
2 0.7359375 0.67421875 0.040625 0.0703125
2 0.621875 0.67421875 0.03828125 0.06953125
2 0.66015625 0.51796875 0.0390625 0.06640625
2 0.51640625 0.5390625 0.0390625 0.0703125
2 0.51484375 0.66015625 0.0375 0.0671875