0 0.52265625 0.36640625 0.03984375 0.071875
1 0.9234375 0.1265625 0.10234375 0.16328125
1 0.484375 0.12578125 0.075 0.15546875
1 0.04921875 0.140625 0.09765625 0.1703125
1 0.0734375 0.88984375 0.1015625 0.16875
1 0.51484375 0.89375 0.07109375 0.16015625
1 0.95390625 0.8859375 0.0921875 0.16484375
2 0.68046875 0.5765625 0.03984375 0.06953125
2 0.6734375 0.334375 0.040625 0.06953125
2 0.61640625 0.42109375 0.03984375 0.06953125
2 0.5953125 0.61640625 0.040625 0.06953125
2 0.55703125 0.43828125 0.0390625 0.0703125
2 0.459375 0.3203125 0.040625 0.07109375
2 0.40234375 0.45390625 0.03984375 0.06953125
2 0.37109375 0.3578125 0.03984375 0.06953125
2 0.22421875 0.29765625 0.040625 0.0703125
2 0.22734375 0.5421875 0.040625 0.0703125
2 0.27421875 0.6890625 0.04296875 0.071875
2 0.3890625 0.68671875 0.03984375 0.07109375
2 0.34296875 0.53125 0.040625 0.06875
2 0.4875 0.55078125 0.040625 0.071875
2 0.49375 0.671875 0.0390625 0.06953125