0 0.4734375 0.35859375 0.0390625 0.07109375
1 0.0578125 0.12890625 0.1 0.1609375
1 0.49609375 0.1171875 0.071875 0.15234375
1 0.934375 0.121875 0.1 0.16796875
1 0.953125 0.86953125 0.09375 0.1671875
1 0.51640625 0.88515625 0.06875 0.15703125
1 0.07265625 0.8875 0.0953125 0.16328125
2 0.3296875 0.571875 0.0390625 0.06875
2 0.32109375 0.3296875 0.03984375 0.06875
2 0.38359375 0.41484375 0.0390625 0.06875
2 0.41640625 0.61015625 0.03984375 0.06875
2 0.44375 0.43125 0.03828125 0.06953125
2 0.534375 0.3109375 0.03984375 0.0703125
2 0.6 0.44375 0.0390625 0.06875
2 0.62421875 0.34609375 0.0390625 0.06875
2 0.7671875 0.28203125 0.03984375 0.06953125
2 0.78046875 0.5265625 0.03984375 0.06953125
2 0.74296875 0.67421875 0.0421875 0.07109375
2 0.628125 0.67578125 0.0390625 0.0703125
2 0.66328125 0.51875 0.03984375 0.06640625
2 0.5203125 0.54140625 0.03984375 0.07109375
2 0.521875 0.6625 0.03828125 0.0671875