0 0.475 0.3578125 0.03828125 0.0703125
1 0.0640625 0.11953125 0.1 0.15703125
1 0.50234375 0.11484375 0.0671875 0.15234375
1 0.940625 0.121875 0.09375 0.15625
1 0.94453125 0.87421875 0.0984375 0.1578125
1 0.503125 0.88203125 0.06328125 0.15703125
1 0.06015625 0.8765625 0.0921875 0.16484375
2 0.37265625 0.65703125 0.03828125 0.0703125
2 0.328125 0.51015625 0.03984375 0.071875
2 0.34453125 0.3734375 0.03828125 0.06875
2 0.559375 0.3 0.03828125 0.0703125
2 0.62578125 0.34453125 0.0375 0.0671875
2 0.82734375 0.29375 0.03984375 0.0671875
2 0.81796875 0.51484375 0.040625 0.06953125
2 0.728125 0.47734375 0.03984375 0.06875
2 0.75703125 0.665625 0.040625 0.0734375
2 0.66875 0.59609375 0.0390625 0.065625
2 0.63046875 0.49375 0.03828125 0.06875
2 0.621875 0.67421875 0.03828125 0.06953125
2 0.49140625 0.6546875 0.03828125 0.07109375
2 0.465625 0.4953125 0.0375 0.06640625
2 0.5421875 0.5 0.03828125 0.0703125