0 0.51484375 0.35859375 0.04296875 0.0734375
1 0.9078125 0.0953125 0.109375 0.16484375
1 0.4703125 0.11875 0.07734375 0.15625
1 0.04296875 0.15390625 0.0859375 0.16328125
1 0.0828125 0.90546875 0.109375 0.165625
1 0.52421875 0.884375 0.07421875 0.1609375
1 0.95625 0.85078125 0.08671875 0.171875
2 0.63828125 0.6515625 0.0421875 0.0734375
2 0.67265625 0.5015625 0.0453125 0.075
2 0.64609375 0.36640625 0.0421875 0.07109375
2 0.42734375 0.30625 0.04296875 0.0734375
2 0.3640625 0.35546875 0.040625 0.06953125
2 0.15859375 0.31796875 0.04375 0.06953125
2 0.184375 0.53828125 0.0453125 0.071875
2 0.27109375 0.4953125 0.04375 0.07109375
2 0.2546875 0.68515625 0.04609375 0.0765625
2 0.3390625 0.61015625 0.04375 0.0671875
2 0.36953125 0.5046875 0.04296875 0.07109375
2 0.39140625 0.684375 0.04296875 0.071875
2 0.51875 0.65625 0.04296875 0.07421875
2 0.53359375 0.4953125 0.040625 0.06875
2 0.4578125 0.50546875 0.0421875 0.0734375