0 0.47890625 0.3578125 0.03984375 0.07109375
1 0.06015625 0.12734375 0.1046875 0.159375
1 0.49765625 0.11484375 0.071875 0.153125
1 0.9359375 0.1140625 0.0984375 0.1578125
1 0.95703125 0.86640625 0.0859375 0.16015625
1 0.525 0.88203125 0.06875 0.1578125
1 0.0828125 0.884375 0.09765625 0.1671875
2 0.3875 0.659375 0.03984375 0.07109375
2 0.33671875 0.51328125 0.0421875 0.0734375
2 0.34921875 0.37578125 0.03984375 0.06953125
2 0.5609375 0.2984375 0.03984375 0.07109375
2 0.628125 0.3421875 0.0390625 0.0671875
2 0.82890625 0.2875 0.0421875 0.0671875
2 0.8265625 0.509375 0.04296875 0.0703125
2 0.7359375 0.4734375 0.0421875 0.06953125
2 0.771875 0.66171875 0.04296875 0.07421875
2 0.68046875 0.59296875 0.040625 0.065625
2 0.6390625 0.49140625 0.03984375 0.06953125
2 0.6359375 0.67265625 0.03984375 0.0703125
2 0.50625 0.6546875 0.03984375 0.071875
2 0.475 0.4953125 0.0390625 0.06640625
2 0.55078125 0.49921875 0.03984375 0.07109375