0 0.5640625 0.38046875 0.04375 0.0734375
1 0.909375 0.08515625 0.1125 0.16484375
1 0.47265625 0.1125 0.0796875 0.15625
1 0.0453125 0.153125 0.0875 0.16328125
1 0.096875 0.9046875 0.10859375 0.1640625
1 0.53984375 0.87890625 0.07734375 0.1609375
1 0.96328125 0.83984375 0.0734375 0.171875
2 0.68515625 0.71015625 0.04375 0.071875
2 0.6578125 0.5390625 0.0453125 0.071875
2 0.66484375 0.3640625 0.04609375 0.07109375
2 0.571875 0.2859375 0.04609375 0.0734375
2 0.3765625 0.253125 0.04375 0.0703125
2 0.2453125 0.325 0.046875 0.07109375
2 0.228125 0.4703125 0.04609375 0.0734375
2 0.31171875 0.50859375 0.0453125 0.07109375
2 0.29375 0.71640625 0.046875 0.0765625
2 0.36171875 0.4109375 0.0453125 0.06875
2 0.4609375 0.571875 0.04375 0.07109375
2 0.415625 0.60703125 0.04375 0.071875
2 0.57265625 0.6828125 0.04375 0.07421875
2 0.5421875 0.48984375 0.0421875 0.06875
2 0.44140625 0.3953125 0.04375 0.07109375