0 0.43515625 0.38828125 0.03828125 0.0703125
1 0.0640625 0.11953125 0.1 0.15703125
1 0.50234375 0.11484375 0.0671875 0.15234375
1 0.940625 0.121875 0.0921875 0.15625
1 0.94609375 0.875 0.0953125 0.15703125
1 0.503125 0.88203125 0.06328125 0.15703125
1 0.06015625 0.8765625 0.0921875 0.16484375
2 0.34296875 0.72578125 0.0390625 0.06953125
2 0.3546875 0.553125 0.03984375 0.06953125
2 0.3328125 0.3796875 0.03984375 0.06875
2 0.41875 0.29453125 0.040625 0.0703125
2 0.61015625 0.246875 0.03828125 0.0671875
2 0.74765625 0.309375 0.040625 0.06875
2 0.778125 0.45234375 0.040625 0.0703125
2 0.696875 0.496875 0.03984375 0.06875
2 0.73359375 0.70234375 0.040625 0.0734375
2 0.6390625 0.403125 0.0390625 0.06640625
2 0.55390625 0.57109375 0.03828125 0.06875
2 0.60234375 0.60234375 0.03828125 0.06953125
2 0.45234375 0.690625 0.03828125 0.07109375
2 0.465625 0.4953125 0.0375 0.06640625
2 0.5578125 0.39375 0.03828125 0.06875