0 0.43828125 0.39140625 0.04375 0.071875
1 0.05234375 0.1421875 0.1015625 0.1625
1 0.48515625 0.115625 0.07890625 0.15546875
1 0.92265625 0.09921875 0.103125 0.1609375
1 0.96484375 0.85 0.0703125 0.1625
1 0.54375 0.88203125 0.075 0.16015625
1 0.1015625 0.89921875 0.1046875 0.1703125
2 0.371875 0.73359375 0.04375 0.07109375
2 0.3703125 0.5609375 0.0453125 0.07109375
2 0.3359375 0.38828125 0.04609375 0.0703125
2 0.41484375 0.2984375 0.04609375 0.071875
2 0.60234375 0.24140625 0.04375 0.06953125
2 0.74375 0.29609375 0.046875 0.0703125
2 0.78515625 0.43828125 0.04609375 0.071875
2 0.7078125 0.48671875 0.0453125 0.0703125
2 0.76015625 0.6890625 0.04609375 0.075
2 0.64296875 0.39609375 0.04375 0.06875
2 0.57109375 0.56875 0.04375 0.0703125
2 0.621875 0.596875 0.04375 0.07109375
2 0.47890625 0.69296875 0.04375 0.0734375
2 0.47734375 0.496875 0.0421875 0.0671875
2 0.56171875 0.390625 0.04375 0.0703125