0 0.3265625 0.6796875 0.03984375 0.071875
1 0.94140625 0.121875 0.10234375 0.16015625
1 0.50390625 0.11171875 0.0703125 0.153125
1 0.06640625 0.115625 0.09765625 0.1640625
1 0.04765625 0.865625 0.09453125 0.1609375
1 0.48515625 0.8796875 0.06640625 0.1578125
1 0.928125 0.88203125 0.0953125 0.16328125
2 0.53828125 0.746875 0.040625 0.06875
2 0.7265625 0.69609375 0.03984375 0.06953125
2 0.77109375 0.19609375 0.040625 0.0703125
2 0.6140625 0.38828125 0.03984375 0.07109375
2 0.30234375 0.1828125 0.0390625 0.06953125
2 0.18125 0.1875 0.0421875 0.0703125
2 0.234375 0.4421875 0.0421875 0.07109375
2 0.3453125 0.46875 0.040625 0.06953125
2 0.36796875 0.303125 0.03984375 0.06875
2 0.790625 0.44140625 0.04375 0.07109375
2 0.1515625 0.60078125 0.040625 0.06953125
2 0.29609375 0.55390625 0.03828125 0.06640625
2 0.5109375 0.3265625 0.0390625 0.06875
2 0.6 0.6296875 0.0390625 0.06640625
2 0.46328125 0.459375 0.0390625 0.06953125