0 0.32734375 0.68671875 0.0421875 0.0734375
1 0.9484375 0.15703125 0.103125 0.1625
1 0.5109375 0.1265625 0.071875 0.15625
1 0.0734375 0.11015625 0.1 0.165625
1 0.04765625 0.86015625 0.09453125 0.16328125
1 0.48359375 0.89296875 0.06875 0.1609375
1 0.9265625 0.915625 0.09765625 0.16484375
2 0.53828125 0.7625 0.0421875 0.06953125
2 0.72734375 0.72109375 0.040625 0.0703125
2 0.7765625 0.2234375 0.0421875 0.07109375
2 0.61796875 0.4078125 0.040625 0.071875
2 0.309375 0.18828125 0.03984375 0.0703125
2 0.1875 0.18671875 0.04296875 0.07109375
2 0.2375 0.44453125 0.04296875 0.071875
2 0.34921875 0.47578125 0.0421875 0.0703125
2 0.3734375 0.31171875 0.040625 0.06953125
2 0.79453125 0.46953125 0.0453125 0.071875
2 0.15390625 0.5984375 0.0421875 0.0703125
2 0.2984375 0.559375 0.0390625 0.06875
2 0.51640625 0.3421875 0.03984375 0.06953125
2 0.60234375 0.6484375 0.03984375 0.06875
2 0.4671875 0.47265625 0.03984375 0.0703125