0 0.665625 0.684375 0.0390625 0.07109375
1 0.0640625 0.11953125 0.1 0.15703125
1 0.50234375 0.11484375 0.0671875 0.15234375
1 0.93984375 0.12421875 0.09453125 0.1609375
1 0.94453125 0.87421875 0.0984375 0.1578125
1 0.503125 0.88203125 0.06328125 0.15703125
1 0.06015625 0.8796875 0.09296875 0.16015625
2 0.453125 0.7484375 0.03984375 0.0671875
2 0.26640625 0.69609375 0.0390625 0.06875
2 0.23359375 0.19609375 0.03984375 0.06953125
2 0.3859375 0.38984375 0.0390625 0.0703125
2 0.70234375 0.18828125 0.03828125 0.06875
2 0.8234375 0.19375 0.040625 0.06953125
2 0.7640625 0.4484375 0.040625 0.0703125
2 0.6515625 0.4734375 0.03984375 0.06875
2 0.63359375 0.30703125 0.0390625 0.0671875
2 0.2078125 0.440625 0.04296875 0.0703125
2 0.84296875 0.6078125 0.03984375 0.06875
2 0.69921875 0.559375 0.0375 0.06640625
2 0.48984375 0.32890625 0.03828125 0.0671875
2 0.39375 0.63125 0.03828125 0.06640625
2 0.534375 0.4625 0.03828125 0.06875