0 0.56484375 0.5046875 0.0453125 0.0734375
1 0.04375 0.15 0.08671875 0.1578125
1 0.47421875 0.109375 0.07890625 0.15625
1 0.909375 0.08515625 0.115625 0.1703125
1 0.93828125 0.8296875 0.0875 0.1625
1 0.51171875 0.8765625 0.078125 0.16015625
1 0.0671875 0.9078125 0.109375 0.1734375
2 0.528125 0.70234375 0.0453125 0.0734375
2 0.7671875 0.6453125 0.046875 0.0734375
2 0.74765625 0.46953125 0.046875 0.071875
2 0.83671875 0.3015625 0.046875 0.0703125
2 0.6625 0.578125 0.04375 0.0703125
2 0.61484375 0.3359375 0.0453125 0.0703125
2 0.68515625 0.2234375 0.04609375 0.07109375
2 0.59765625 0.1796875 0.046875 0.0765625
2 0.4234375 0.309375 0.04296875 0.0671875
2 0.48984375 0.48125 0.0453125 0.0734375
2 0.3859375 0.62734375 0.0453125 0.071875
2 0.28203125 0.66328125 0.04609375 0.0703125
2 0.22265625 0.40625 0.0484375 0.0765625
2 0.28359375 0.23125 0.046875 0.07421875
2 0.34609375 0.4421875 0.0453125 0.0703125