0 0.584375 0.52421875 0.04296875 0.07109375
1 0.084375 0.0984375 0.1046875 0.15625
1 0.525 0.11796875 0.075 0.1546875
1 0.95234375 0.15078125 0.0953125 0.175
1 0.940625 0.9015625 0.1078125 0.16015625
1 0.50078125 0.8875 0.07421875 0.1578125
1 0.06171875 0.85546875 0.0953125 0.171875
2 0.53125 0.715625 0.04296875 0.07109375
2 0.77421875 0.69296875 0.0453125 0.07109375
2 0.76875 0.5140625 0.0453125 0.0703125
2 0.87109375 0.36015625 0.0453125 0.06953125
2 0.675 0.6109375 0.0421875 0.06875
2 0.646875 0.36328125 0.04296875 0.06875
2 0.72578125 0.2609375 0.04375 0.06953125
2 0.6421875 0.2046875 0.0453125 0.07421875
2 0.459375 0.31015625 0.040625 0.06640625
2 0.5109375 0.490625 0.04296875 0.07109375
2 0.396875 0.621875 0.04296875 0.0703125
2 0.28984375 0.6421875 0.04375 0.06953125
2 0.2515625 0.378125 0.04609375 0.07421875
2 0.32734375 0.2125 0.0453125 0.071875
2 0.37109375 0.43046875 0.04296875 0.06875