0 0.57578125 0.5171875 0.03828125 0.06953125
1 0.06171875 0.1203125 0.09453125 0.1515625
1 0.503125 0.1140625 0.065625 0.1515625
1 0.9390625 0.121875 0.10078125 0.16875
1 0.94453125 0.8734375 0.096875 0.15546875
1 0.50546875 0.884375 0.06328125 0.15546875
1 0.0609375 0.87890625 0.09375 0.1671875
2 0.53046875 0.71171875 0.03828125 0.06953125
2 0.77109375 0.67421875 0.040625 0.06953125
2 0.759375 0.49609375 0.040625 0.06875
2 0.85625 0.3359375 0.040625 0.0671875
2 0.66953125 0.5984375 0.03828125 0.0671875
2 0.63359375 0.35234375 0.0390625 0.0671875
2 0.70859375 0.2453125 0.0390625 0.0671875
2 0.6234375 0.19453125 0.03984375 0.071875
2 0.44375 0.31015625 0.0375 0.065625
2 0.5015625 0.4875 0.03828125 0.06953125
2 0.3921875 0.625 0.0390625 0.06875
2 0.28671875 0.6515625 0.03984375 0.0671875
2 0.2390625 0.390625 0.0421875 0.071875
2 0.3078125 0.2203125 0.03984375 0.0703125
2 0.36015625 0.4359375 0.0390625 0.0671875