0 0.521875 0.5953125 0.0421875 0.071875
1 0.08515625 0.090625 0.1046875 0.1640625
1 0.5328125 0.1109375 0.07890625 0.16328125
1 0.9609375 0.140625 0.078125 0.17109375
1 0.94453125 0.909375 0.0890625 0.165625
1 0.5015625 0.88984375 0.0765625 0.16015625
1 0.05234375 0.86171875 0.0953125 0.17109375
2 0.1421875 0.190625 0.04765625 0.075
2 0.4875 0.58515625 0.040625 0.0703125
2 0.51015625 0.5328125 0.0421875 0.0734375
2 0.55 0.5578125 0.0421875 0.06953125
2 0.303125 0.30546875 0.0453125 0.0765625
2 0.5828125 0.353125 0.040625 0.06953125
2 0.6328125 0.3421875 0.0421875 0.071875
2 0.615625 0.246875 0.04296875 0.07109375
2 0.68046875 0.35625 0.04375 0.071875
2 0.72890625 0.2484375 0.04609375 0.071875
2 0.7671875 0.20390625 0.04375 0.075
2 0.78359375 0.3 0.04609375 0.0734375
2 0.81953125 0.29921875 0.04296875 0.07421875
2 0.7609375 0.3734375 0.04296875 0.0703125