0 0.52265625 0.58515625 0.03828125 0.06953125
1 0.0640625 0.1109375 0.0953125 0.15703125
1 0.51171875 0.10078125 0.0703125 0.1578125
1 0.95234375 0.1 0.09375 0.165625
1 0.959375 0.86875 0.0796875 0.16015625
1 0.51640625 0.88125 0.0671875 0.15625
1 0.059375 0.884375 0.10078125 0.1640625
2 0.12578125 0.2078125 0.0453125 0.071875
2 0.48828125 0.57734375 0.0375 0.0671875
2 0.50859375 0.52421875 0.03828125 0.0703125
2 0.5484375 0.5453125 0.0390625 0.0671875
2 0.290625 0.3109375 0.0421875 0.0734375
2 0.57265625 0.3390625 0.0375 0.0671875
2 0.621875 0.3234375 0.03828125 0.06953125
2 0.6 0.23046875 0.03984375 0.06875
2 0.6703125 0.33515625 0.03984375 0.06953125
2 0.71328125 0.2234375 0.0421875 0.06953125
2 0.75 0.1765625 0.040625 0.071875
2 0.7703125 0.271875 0.0421875 0.0703125
2 0.80625 0.26875 0.03984375 0.07109375
2 0.75078125 0.346875 0.03984375 0.0671875