0 0.521875 0.5984375 0.0390625 0.07109375
1 0.07109375 0.10546875 0.0984375 0.1609375
1 0.51875 0.11328125 0.0734375 0.1609375
1 0.95546875 0.1296875 0.0890625 0.16875
1 0.953125 0.89921875 0.08203125 0.16328125
1 0.509375 0.8921875 0.0703125 0.159375
1 0.053125 0.878125 0.103125 0.16796875
2 0.13125 0.20390625 0.04609375 0.07421875
2 0.48671875 0.58828125 0.03828125 0.06953125
2 0.50859375 0.5359375 0.0390625 0.071875
2 0.54765625 0.559375 0.03984375 0.06875
2 0.29375 0.3140625 0.04296875 0.075
2 0.57578125 0.353125 0.03828125 0.06875
2 0.62421875 0.340625 0.0390625 0.07109375
2 0.6046875 0.246875 0.040625 0.0703125
2 0.67265625 0.353125 0.040625 0.07109375
2 0.71796875 0.24375 0.04296875 0.07109375
2 0.75546875 0.1984375 0.0421875 0.07421875
2 0.77421875 0.29453125 0.04296875 0.071875
2 0.81015625 0.29375 0.040625 0.0734375
2 0.753125 0.36875 0.040625 0.06953125