0 0.6890625 0.6546875 0.040625 0.07109375
1 0.07109375 0.10546875 0.1 0.1609375
1 0.5140625 0.1125 0.0734375 0.1578125
1 0.95703125 0.1296875 0.0859375 0.16875
1 0.95703125 0.8984375 0.0859375 0.1640625
1 0.5140625 0.8921875 0.07109375 0.159375
1 0.05625 0.878125 0.10234375 0.16796875
2 0.628125 0.43125 0.03984375 0.0734375
2 0.77265625 0.55859375 0.0421875 0.0734375
2 0.740625 0.5140625 0.0421875 0.06875
2 0.65390625 0.6296875 0.040625 0.071875
2 0.371875 0.43046875 0.03828125 0.07109375
2 0.44140625 0.4140625 0.0390625 0.071875
2 0.490625 0.45390625 0.03984375 0.075
2 0.63359375 0.2359375 0.0421875 0.071875
2 0.69453125 0.45234375 0.040625 0.07109375
2 0.71796875 0.25859375 0.04375 0.07734375
2 0.46484375 0.49921875 0.0390625 0.06640625
2 0.79609375 0.32578125 0.0421875 0.0734375
2 0.6546875 0.3296875 0.040625 0.0734375
2 0.703125 0.71171875 0.03984375 0.06640625
2 0.56484375 0.7953125 0.040625 0.071875