0 0.6875 0.634375 0.03984375 0.06953125
1 0.0640625 0.1109375 0.0953125 0.15703125
1 0.50703125 0.10078125 0.06953125 0.15546875
1 0.95390625 0.09921875 0.0921875 0.16484375
1 0.95859375 0.86875 0.0828125 0.1609375
1 0.51640625 0.88125 0.0671875 0.15625
1 0.05859375 0.884375 0.0984375 0.1640625
2 0.62421875 0.41484375 0.0390625 0.07109375
2 0.7703125 0.5359375 0.040625 0.07109375
2 0.7375 0.49296875 0.040625 0.0671875
2 0.65234375 0.61171875 0.03984375 0.0703125
2 0.36796875 0.42421875 0.0375 0.06953125
2 0.4375 0.4046875 0.03828125 0.0703125
2 0.48671875 0.44296875 0.0390625 0.0734375
2 0.62734375 0.21875 0.040625 0.0703125
2 0.690625 0.4328125 0.03984375 0.06953125
2 0.71171875 0.23828125 0.04296875 0.075
2 0.46171875 0.4890625 0.03828125 0.065625
2 0.790625 0.30234375 0.040625 0.07109375
2 0.64921875 0.3125 0.03984375 0.07109375
2 0.70234375 0.6921875 0.0390625 0.065625
2 0.565625 0.78125 0.03984375 0.0703125