0 0.321875 0.63125 0.0421875 0.07109375
1 0.93046875 0.0828125 0.10078125 0.1609375
1 0.4875 0.0890625 0.07421875 0.1578125
1 0.04453125 0.10625 0.0875 0.16875
1 0.0578125 0.87578125 0.08671875 0.1640625
1 0.50078125 0.86953125 0.071875 0.159375
1 0.953125 0.8546875 0.09375 0.16796875
2 0.37890625 0.4078125 0.040625 0.0734375
2 0.23671875 0.53515625 0.04296875 0.0734375
2 0.26875 0.490625 0.04296875 0.06875
2 0.35703125 0.60625 0.0421875 0.071875
2 0.63515625 0.40703125 0.0390625 0.07109375
2 0.565625 0.390625 0.03984375 0.071875
2 0.5171875 0.43125 0.040625 0.075
2 0.3703125 0.2125 0.04296875 0.071875
2 0.31328125 0.42890625 0.0421875 0.07109375
2 0.28671875 0.23515625 0.0453125 0.07734375
2 0.54375 0.47578125 0.03984375 0.06640625
2 0.209375 0.30234375 0.04296875 0.0734375
2 0.3515625 0.30625 0.0421875 0.0734375
2 0.309375 0.6890625 0.040625 0.06640625
2 0.4484375 0.771875 0.0421875 0.071875