0 0.57734375 0.44453125 0.03984375 0.071875
1 0.94140625 0.1140625 0.10234375 0.16875
1 0.49609375 0.0953125 0.06640625 0.1546875
1 0.05390625 0.09140625 0.0953125 0.16796875
1 0.04375 0.8609375 0.078125 0.171875
1 0.4828125 0.878125 0.0703125 0.1546875
1 0.9390625 0.8859375 0.10234375 0.16796875
2 0.4046875 0.5953125 0.0390625 0.06875
2 0.4203125 0.4671875 0.0421875 0.0734375
2 0.334375 0.44453125 0.04296875 0.07109375
2 0.121875 0.46640625 0.0390625 0.0625
2 0.09140625 0.39140625 0.04296875 0.06875
2 0.45390625 0.53828125 0.040625 0.06953125
2 0.56484375 0.5109375 0.0390625 0.0671875
2 0.5421875 0.45859375 0.0390625 0.07109375
2 0.6625 0.50625 0.03984375 0.07109375
2 0.76796875 0.76484375 0.0421875 0.071875
2 0.8125 0.6515625 0.04296875 0.07421875
2 0.8515625 0.6796875 0.0453125 0.075
2 0.7359375 0.365625 0.0421875 0.0734375
2 0.7609375 0.24140625 0.040625 0.07109375
2 0.83046875 0.2234375 0.04296875 0.0734375