0 0.565625 0.45390625 0.03984375 0.07109375
1 0.93203125 0.12265625 0.1015625 0.1671875
1 0.48671875 0.1046875 0.065625 0.153125
1 0.04609375 0.1 0.0921875 0.1671875
1 0.034375 0.8703125 0.06875 0.17109375
1 0.46796875 0.8875 0.06953125 0.153125
1 0.925 0.89453125 0.1015625 0.1671875
2 0.39296875 0.6046875 0.0390625 0.0671875
2 0.40859375 0.47578125 0.0421875 0.071875
2 0.3234375 0.453125 0.0421875 0.0703125
2 0.11015625 0.475 0.03828125 0.0625
2 0.0796875 0.4 0.04296875 0.06875
2 0.4421875 0.546875 0.040625 0.06875
2 0.553125 0.51953125 0.03828125 0.06640625
2 0.53203125 0.4671875 0.03828125 0.0703125
2 0.65 0.51484375 0.03984375 0.0703125
2 0.75546875 0.77265625 0.0421875 0.07109375
2 0.8 0.6609375 0.0421875 0.0734375
2 0.8390625 0.68828125 0.0453125 0.075
2 0.72578125 0.37421875 0.0421875 0.071875
2 0.75078125 0.25078125 0.03984375 0.0703125
2 0.8203125 0.23203125 0.04296875 0.0734375