0 0.4265625 0.446875 0.0390625 0.07109375
1 0.065625 0.11171875 0.0984375 0.1671875
1 0.5109375 0.0984375 0.06328125 0.153125
1 0.953125 0.1 0.09375 0.165625
1 0.95859375 0.86953125 0.08203125 0.17109375
1 0.51640625 0.88203125 0.0671875 0.153125
1 0.059375 0.88359375 0.0984375 0.165625
2 0.596875 0.6 0.03828125 0.0671875
2 0.5828125 0.47109375 0.040625 0.071875
2 0.66875 0.44921875 0.0421875 0.0703125
2 0.88203125 0.4734375 0.03828125 0.0625
2 0.91328125 0.39921875 0.0421875 0.0671875
2 0.5484375 0.54140625 0.03984375 0.06875
2 0.43828125 0.51328125 0.03828125 0.0671875
2 0.46015625 0.4609375 0.03828125 0.0703125
2 0.340625 0.50703125 0.0390625 0.0703125
2 0.23125 0.7640625 0.040625 0.07109375
2 0.18828125 0.6515625 0.0421875 0.0734375
2 0.14921875 0.67890625 0.04375 0.07421875
2 0.26796875 0.365625 0.040625 0.071875
2 0.24453125 0.24140625 0.03984375 0.0703125
2 0.17578125 0.221875 0.0421875 0.071875