0 0.5125 0.503125 0.0390625 0.06953125
1 0.0734375 0.13515625 0.0984375 0.1625
1 0.52109375 0.13046875 0.06875 0.1515625
1 0.95625 0.12265625 0.0875 0.16796875
1 0.9625 0.90546875 0.075 0.1640625
1 0.52265625 0.91328125 0.065625 0.159375
1 0.0671875 0.9109375 0.0953125 0.1625
2 0.8171875 0.734375 0.040625 0.0671875
2 0.825 0.6515625 0.0390625 0.0625
2 0.85 0.7078125 0.0390625 0.0703125
2 0.78984375 0.58828125 0.0390625 0.06953125
2 0.78984375 0.68359375 0.03828125 0.06640625
2 0.7234375 0.678125 0.0390625 0.06328125
2 0.66015625 0.653125 0.03828125 0.065625
2 0.68125 0.5078125 0.0359375 0.06640625
2 0.6859375 0.43828125 0.03828125 0.065625
2 0.67421875 0.359375 0.03828125 0.0578125
2 0.79609375 0.315625 0.0390625 0.0640625
2 0.5328125 0.45234375 0.03515625 0.06640625
2 0.5078125 0.56640625 0.0359375 0.06640625
2 0.303125 0.6984375 0.0421875 0.0703125
2 0.21796875 0.7421875 0.040625 0.06953125