0 0.49375 0.4953125 0.040625 0.07109375
1 0.92109375 0.11171875 0.10234375 0.16484375
1 0.47421875 0.12265625 0.0734375 0.153125
1 0.04296875 0.1296875 0.08515625 0.17109375
1 0.05546875 0.9125 0.0796875 0.165625
1 0.4953125 0.90546875 0.06953125 0.1609375
1 0.95 0.88671875 0.1 0.165625
2 0.19609375 0.7359375 0.04296875 0.06875
2 0.1859375 0.6546875 0.040625 0.06328125
2 0.1625 0.71015625 0.040625 0.071875
2 0.21875 0.5890625 0.040625 0.07109375
2 0.221875 0.684375 0.03984375 0.0671875
2 0.2875 0.6765625 0.040625 0.0640625
2 0.35078125 0.65 0.03984375 0.06640625
2 0.325 0.50546875 0.03828125 0.0671875
2 0.31875 0.4359375 0.03984375 0.06640625
2 0.32734375 0.35625 0.03984375 0.059375
2 0.20390625 0.3171875 0.040625 0.065625
2 0.471875 0.44453125 0.0375 0.0671875
2 0.49921875 0.5578125 0.03828125 0.0671875
2 0.70859375 0.6828125 0.04375 0.071875
2 0.7953125 0.7234375 0.04296875 0.07109375