0 0.490625 0.51484375 0.03984375 0.07109375
1 0.92109375 0.14921875 0.1015625 0.16484375
1 0.4734375 0.1421875 0.071875 0.1546875
1 0.0421875 0.13125 0.084375 0.171875
1 0.05 0.91484375 0.07890625 0.1671875
1 0.4890625 0.921875 0.06875 0.15625
1 0.94609375 0.92109375 0.1 0.1578125
2 0.19140625 0.74375 0.0421875 0.06875
2 0.18125 0.6609375 0.03984375 0.06328125
2 0.1578125 0.7171875 0.03984375 0.071875
2 0.215625 0.5984375 0.03984375 0.07109375
2 0.21796875 0.69375 0.0390625 0.0671875
2 0.28359375 0.68828125 0.03984375 0.0640625
2 0.346875 0.66328125 0.0390625 0.06640625
2 0.321875 0.51796875 0.0375 0.0671875
2 0.315625 0.4484375 0.0390625 0.06640625
2 0.325 0.36953125 0.0390625 0.059375
2 0.20234375 0.32578125 0.03984375 0.065625
2 0.46875 0.46328125 0.0359375 0.0671875
2 0.496875 0.578125 0.0375 0.0671875
2 0.70390625 0.7109375 0.04296875 0.071875
2 0.790625 0.75546875 0.0421875 0.07109375