0 0.42890625 0.50859375 0.04296875 0.071875
1 0.95234375 0.14296875 0.0953125 0.1609375
1 0.51796875 0.11484375 0.07109375 0.1546875
1 0.0796875 0.0984375 0.10625 0.1703125
1 0.053125 0.85234375 0.0875 0.16796875
1 0.48671875 0.88671875 0.07421875 0.1515625
1 0.9296875 0.9015625 0.103125 0.1640625
2 0.2390625 0.66171875 0.04375 0.06875
2 0.3578125 0.5421875 0.0421875 0.06640625
2 0.28359375 0.509375 0.04296875 0.06953125
2 0.2078125 0.4796875 0.04609375 0.06953125
2 0.19140625 0.29140625 0.04609375 0.071875
2 0.31484375 0.259375 0.04296875 0.06953125
2 0.43046875 0.209375 0.04375 0.075
2 0.56875 0.31328125 0.04375 0.0703125
2 0.51640625 0.68125 0.04375 0.07109375
2 0.69765625 0.67890625 0.04375 0.071875
2 0.6890625 0.57421875 0.04375 0.07109375
2 0.8265625 0.4828125 0.04609375 0.07109375
2 0.67109375 0.33125 0.04296875 0.071875
2 0.753125 0.1859375 0.0453125 0.0765625
2 0.84375 0.29453125 0.046875 0.07421875