0 0.5765625 0.5125 0.03828125 0.0703125
1 0.06328125 0.1203125 0.0953125 0.15625
1 0.503125 0.1140625 0.06171875 0.1515625
1 0.9421875 0.1203125 0.0953125 0.165625
1 0.94609375 0.8765625 0.0953125 0.16328125
1 0.503125 0.8875 0.0640625 0.1484375
1 0.06015625 0.87890625 0.09375 0.159375
2 0.76015625 0.675 0.03984375 0.06640625
2 0.64609375 0.55 0.03828125 0.065625
2 0.72109375 0.52109375 0.03828125 0.0671875
2 0.7984375 0.4953125 0.040625 0.0671875
2 0.821875 0.3078125 0.040625 0.0703125
2 0.7 0.2703125 0.0390625 0.0671875
2 0.5875 0.21328125 0.0390625 0.0734375
2 0.44453125 0.31015625 0.03984375 0.06875
2 0.48203125 0.68125 0.0390625 0.06953125
2 0.30078125 0.66875 0.0390625 0.0703125
2 0.3140625 0.5640625 0.03984375 0.06953125
2 0.18125 0.46640625 0.040625 0.06953125
2 0.3421875 0.3234375 0.0390625 0.0703125
2 0.265625 0.1734375 0.040625 0.07421875
2 0.17109375 0.2765625 0.04296875 0.071875