0 0.58203125 0.5078125 0.040625 0.07109375
1 0.07890625 0.10390625 0.10234375 0.16015625
1 0.51875 0.10859375 0.06875 0.1546875
1 0.95234375 0.125 0.09453125 0.1703125
1 0.94375 0.88125 0.10234375 0.1671875
1 0.5 0.88125 0.07109375 0.1515625
1 0.05859375 0.8625 0.0984375 0.16328125
2 0.76171875 0.675 0.04296875 0.06875
2 0.65 0.54765625 0.040625 0.06640625
2 0.7265625 0.5203125 0.040625 0.06875
2 0.80390625 0.496875 0.04375 0.06953125
2 0.8328125 0.309375 0.04375 0.071875
2 0.71171875 0.26875 0.0421875 0.06875
2 0.6 0.21015625 0.04296875 0.075
2 0.4546875 0.303125 0.04296875 0.0703125
2 0.48359375 0.675 0.0421875 0.0703125
2 0.303125 0.6578125 0.0421875 0.07109375
2 0.31875 0.5546875 0.04296875 0.07109375
2 0.18828125 0.453125 0.04375 0.07109375
2 0.35234375 0.3140625 0.0421875 0.07109375
2 0.2796875 0.1625 0.04375 0.0765625
2 0.18125 0.2640625 0.04609375 0.07421875