0 0.17421875 0.6828125 0.040625 0.07109375
1 0.06171875 0.1203125 0.09453125 0.159375
1 0.50390625 0.115625 0.06640625 0.153125
1 0.940625 0.121875 0.0953125 0.16484375
1 0.9453125 0.87265625 0.096875 0.165625
1 0.503125 0.88203125 0.065625 0.1484375
1 0.0609375 0.878125 0.0953125 0.1640625
2 0.3984375 0.73203125 0.0375 0.06640625
2 0.32109375 0.56796875 0.03984375 0.06953125
2 0.2046875 0.46953125 0.0421875 0.071875
2 0.13203125 0.3 0.0421875 0.06875
2 0.29921875 0.240625 0.03984375 0.07109375
2 0.41171875 0.36953125 0.0375 0.06328125
2 0.5515625 0.5296875 0.03828125 0.07109375
2 0.62265625 0.63671875 0.03828125 0.0671875
2 0.6546875 0.509375 0.03828125 0.0640625
2 0.73671875 0.509375 0.0390625 0.0671875
2 0.840625 0.5 0.040625 0.0671875
2 0.86875 0.73359375 0.0390625 0.065625
2 0.7921875 0.39296875 0.03984375 0.06640625
2 0.68046875 0.3203125 0.03828125 0.0671875
2 0.565625 0.184375 0.03984375 0.0734375