0 0.825 0.6671875 0.0421875 0.0734375
1 0.93125 0.10234375 0.0984375 0.1625
1 0.4890625 0.109375 0.06953125 0.15546875
1 0.0515625 0.1296875 0.1 0.16796875
1 0.05625 0.8796875 0.10078125 0.16796875
1 0.4984375 0.8765625 0.06953125 0.15
1 0.940625 0.859375 0.1 0.1671875
2 0.60078125 0.7234375 0.03828125 0.06640625
2 0.6765625 0.55703125 0.040625 0.0703125
2 0.79140625 0.4546875 0.04296875 0.07421875
2 0.8625 0.2828125 0.04296875 0.0703125
2 0.69453125 0.228125 0.040625 0.071875
2 0.584375 0.3609375 0.03828125 0.06328125
2 0.44609375 0.525 0.0390625 0.071875
2 0.37578125 0.634375 0.0390625 0.06875
2 0.3421875 0.50859375 0.0390625 0.0640625
2 0.26015625 0.51015625 0.03984375 0.0671875
2 0.15703125 0.50390625 0.0421875 0.06875
2 0.13046875 0.73828125 0.03984375 0.065625
2 0.203125 0.3953125 0.040625 0.06640625
2 0.31484375 0.31953125 0.0390625 0.0671875
2 0.428125 0.18046875 0.040625 0.07421875