0 0.16484375 0.6640625 0.04375 0.07421875
1 0.08203125 0.096875 0.10234375 0.16484375
1 0.52421875 0.11015625 0.07421875 0.15703125
1 0.953125 0.13359375 0.09375 0.1703125
1 0.925 0.884375 0.10546875 0.17109375
1 0.48359375 0.87578125 0.0734375 0.15234375
1 0.046875 0.8546875 0.09375 0.1703125
2 0.3859375 0.721875 0.03984375 0.0671875
2 0.3171875 0.5546875 0.04296875 0.071875
2 0.20703125 0.4515625 0.04609375 0.075
2 0.14296875 0.2796875 0.04609375 0.07109375
2 0.31328125 0.2265625 0.04296875 0.07421875
2 0.41875 0.36015625 0.03984375 0.0640625
2 0.55 0.525 0.0421875 0.07421875
2 0.615625 0.6359375 0.0421875 0.0703125
2 0.6546875 0.51015625 0.040625 0.065625
2 0.7359375 0.5125 0.0421875 0.06953125
2 0.83984375 0.5078125 0.0453125 0.0703125
2 0.85625 0.74296875 0.0421875 0.06875
2 0.79765625 0.39921875 0.04296875 0.06953125
2 0.6890625 0.321875 0.0421875 0.06953125
2 0.5828125 0.18125 0.04296875 0.0765625