0 0.13359375 0.16328125 0.04296875 0.07109375
1 0.0609375 0.11875 0.09296875 0.15546875
1 0.503125 0.115625 0.0578125 0.1515625
1 0.94140625 0.115625 0.09375 0.146875
1 0.95078125 0.87421875 0.0921875 0.1609375
1 0.50234375 0.884375 0.06875 0.15703125
1 0.0609375 0.88046875 0.09375 0.1609375
2 0.115625 0.8296875 0.03515625 0.059375
2 0.53203125 0.75859375 0.03828125 0.071875
2 0.565625 0.1859375 0.0390625 0.0703125
2 0.74375 0.17890625 0.03984375 0.0671875
2 0.73671875 0.5078125 0.0390625 0.06953125
2 0.92109375 0.2 0.04375 0.0671875
2 0.89921875 0.834375 0.0390625 0.06953125
2 0.6203125 0.55390625 0.0359375 0.0671875
2 0.68046875 0.3203125 0.03828125 0.0671875
2 0.41171875 0.36796875 0.03828125 0.06953125
2 0.32109375 0.5671875 0.0390625 0.0671875
2 0.3 0.2328125 0.03984375 0.07109375
2 0.2046875 0.46953125 0.04296875 0.071875
2 0.13359375 0.3 0.0421875 0.06953125
2 0.55625 0.58828125 0.03828125 0.0671875