0 0.86796875 0.18515625 0.04609375 0.0734375
1 0.94296875 0.14375 0.0984375 0.1578125
1 0.5015625 0.12421875 0.0640625 0.153125
1 0.06328125 0.10859375 0.1 0.15
1 0.0359375 0.86640625 0.07109375 0.16484375
1 0.4703125 0.89296875 0.07421875 0.159375
1 0.91171875 0.9046875 0.1 0.16484375
2 0.85859375 0.8515625 0.0375 0.0609375
2 0.44609375 0.76640625 0.040625 0.07421875
2 0.43515625 0.19296875 0.0421875 0.071875
2 0.25859375 0.17890625 0.04296875 0.06875
2 0.2515625 0.50859375 0.0421875 0.07109375
2 0.0796875 0.19453125 0.046875 0.06875
2 0.0765625 0.82890625 0.0421875 0.07109375
2 0.36640625 0.55859375 0.0390625 0.06875
2 0.31484375 0.3234375 0.040625 0.06875
2 0.58203125 0.3796875 0.040625 0.07109375
2 0.66484375 0.58125 0.0421875 0.06953125
2 0.69921875 0.2484375 0.04296875 0.0734375
2 0.784375 0.48828125 0.04609375 0.07421875
2 0.8625 0.321875 0.0453125 0.07109375
2 0.428125 0.5953125 0.040625 0.06953125