0 0.846875 0.15 0.046875 0.0734375
1 0.91796875 0.10234375 0.10234375 0.16015625
1 0.47578125 0.11875 0.0671875 0.153125
1 0.04375 0.13984375 0.0875 0.15234375
1 0.059375 0.89765625 0.10234375 0.1671875
1 0.50703125 0.88671875 0.078125 0.16015625
1 0.94375 0.86171875 0.09453125 0.1671875
2 0.89140625 0.8140625 0.0390625 0.0609375
2 0.47265625 0.7625 0.04296875 0.07421875
2 0.415625 0.1921875 0.04375 0.071875
2 0.2375 0.19375 0.0453125 0.06953125
2 0.25859375 0.521875 0.04296875 0.07109375
2 0.06171875 0.2234375 0.04765625 0.06953125
2 0.109375 0.8546875 0.04296875 0.07109375
2 0.3765625 0.5625 0.040625 0.06875
2 0.30625 0.33203125 0.04296875 0.06875
2 0.57734375 0.3671875 0.04296875 0.07109375
2 0.67578125 0.56171875 0.04375 0.06953125
2 0.68359375 0.2265625 0.04375 0.0734375
2 0.7875 0.4578125 0.046875 0.07421875
2 0.85234375 0.2859375 0.046875 0.07109375
2 0.44140625 0.59375 0.04296875 0.06953125