0 0.18046875 0.1703125 0.0421875 0.06953125
1 0.0609375 0.12109375 0.0953125 0.1546875
1 0.50234375 0.1140625 0.06328125 0.14375
1 0.94453125 0.1203125 0.08671875 0.165625
1 0.94609375 0.875 0.0984375 0.16328125
1 0.503125 0.8875 0.06640625 0.146875
1 0.06015625 0.8796875 0.09375 0.1625
2 0.89453125 0.159375 0.03828125 0.0640625
2 0.846875 0.3375 0.0390625 0.06875
2 0.9265625 0.790625 0.040625 0.06640625
2 0.7671875 0.60546875 0.0390625 0.0703125
2 0.646875 0.53125 0.03828125 0.065625
2 0.59453125 0.17109375 0.040625 0.0703125
2 0.53984375 0.6765625 0.0359375 0.06640625
2 0.41875 0.5109375 0.03828125 0.0671875
2 0.4265625 0.23203125 0.0390625 0.06953125
2 0.35078125 0.1625 0.0390625 0.06875
2 0.13359375 0.29921875 0.0421875 0.06953125
2 0.2046875 0.46875 0.0421875 0.0703125
2 0.3796875 0.83515625 0.03828125 0.07109375
2 0.74375 0.17890625 0.03984375 0.06640625
2 0.115625 0.8265625 0.03984375 0.06953125