0 0.8421875 0.19296875 0.04609375 0.071875
1 0.95546875 0.15234375 0.0890625 0.16015625
1 0.52421875 0.115625 0.0734375 0.14765625
1 0.0828125 0.090625 0.0984375 0.17109375
1 0.04140625 0.84296875 0.0828125 0.1703125
1 0.46953125 0.8859375 0.0765625 0.15
1 0.9125 0.909375 0.1046875 0.16796875
2 0.13046875 0.1328125 0.0421875 0.06640625
2 0.165625 0.3140625 0.04375 0.07109375
2 0.05390625 0.7609375 0.0453125 0.06875
2 0.22578125 0.58671875 0.04375 0.0734375
2 0.3515625 0.52109375 0.0421875 0.0671875
2 0.42890625 0.165625 0.0453125 0.0734375
2 0.4484375 0.67265625 0.040625 0.06875
2 0.5796875 0.5171875 0.0421875 0.06953125
2 0.5921875 0.2375 0.04296875 0.071875
2 0.67265625 0.1734375 0.04375 0.07109375
2 0.8796875 0.325 0.046875 0.071875
2 0.79609375 0.4890625 0.04609375 0.0734375
2 0.596875 0.8421875 0.04296875 0.07421875
2 0.27890625 0.16328125 0.0453125 0.06875
2 0.8609375 0.85234375 0.0453125 0.071875