0 0.83515625 0.18125 0.04609375 0.0703125
1 0.95078125 0.13515625 0.0984375 0.1578125
1 0.5140625 0.1140625 0.07109375 0.1453125
1 0.07109375 0.10546875 0.096875 0.16875
1 0.06640625 0.859375 0.096875 0.165625
1 0.503125 0.88671875 0.075 0.1484375
1 0.946875 0.8953125 0.10234375 0.16484375
2 0.12109375 0.14609375 0.0421875 0.065625
2 0.1671875 0.32578125 0.04296875 0.06953125
2 0.08125 0.77578125 0.0453125 0.0671875
2 0.24296875 0.59609375 0.04296875 0.07109375
2 0.36484375 0.52578125 0.0421875 0.06640625
2 0.42109375 0.16875 0.0453125 0.07109375
2 0.46953125 0.675 0.03984375 0.0671875
2 0.59296875 0.5140625 0.0421875 0.06875
2 0.5875 0.23515625 0.04296875 0.0703125
2 0.66484375 0.1671875 0.04296875 0.06953125
2 0.88046875 0.31171875 0.04609375 0.0703125
2 0.80703125 0.47890625 0.04609375 0.07109375
2 0.628125 0.8390625 0.04296875 0.071875
2 0.27109375 0.17109375 0.04375 0.0671875
2 0.8921875 0.8390625 0.04375 0.0703125