0 0.415625 0.159375 0.040625 0.071875
1 0.9234375 0.10078125 0.1015625 0.1625
1 0.4828125 0.1109375 0.06953125 0.1453125
1 0.04609375 0.13125 0.0921875 0.15625
1 0.06171875 0.88984375 0.10078125 0.16484375
1 0.50625 0.88359375 0.06953125 0.15234375
1 0.946875 0.8625 0.09765625 0.165625
2 0.07890625 0.7796875 0.04375 0.06875
2 0.46875 0.82109375 0.040625 0.07421875
2 0.2234375 0.74921875 0.04375 0.071875
2 0.09140625 0.590625 0.04375 0.0703125
2 0.1546875 0.39375 0.0421875 0.06875
2 0.36796875 0.5203125 0.03984375 0.06953125
2 0.353125 0.228125 0.040625 0.06875
2 0.121875 0.21171875 0.04296875 0.06953125
2 0.5109375 0.47421875 0.0390625 0.06875
2 0.6078125 0.6171875 0.03984375 0.0703125
2 0.68671875 0.41484375 0.0421875 0.06953125
2 0.6984375 0.3078125 0.040625 0.07109375
2 0.646875 0.15703125 0.04296875 0.0703125
2 0.2359375 0.409375 0.0421875 0.06875
2 0.8734375 0.75234375 0.04375 0.07109375