0 0.57109375 0.15859375 0.0390625 0.07109375
1 0.06171875 0.121875 0.09453125 0.1578125
1 0.503125 0.11328125 0.06328125 0.14375
1 0.94296875 0.1171875 0.09375 0.153125
1 0.94609375 0.875 0.09375 0.1609375
1 0.50234375 0.8859375 0.06328125 0.15
1 0.06015625 0.88359375 0.09375 0.1625
2 0.92578125 0.76484375 0.0421875 0.0671875
2 0.5375 0.82265625 0.03828125 0.0734375
2 0.78125 0.74140625 0.0421875 0.07109375
2 0.9078125 0.57734375 0.0421875 0.06953125
2 0.8390625 0.3828125 0.03984375 0.0671875
2 0.6296875 0.5171875 0.03828125 0.06875
2 0.6359375 0.225 0.0390625 0.0671875
2 0.86640625 0.19921875 0.040625 0.06875
2 0.48515625 0.47734375 0.0375 0.0671875
2 0.39375 0.62421875 0.03828125 0.06953125
2 0.3078125 0.42578125 0.03984375 0.06875
2 0.29375 0.31953125 0.0390625 0.0703125
2 0.340625 0.165625 0.040625 0.06953125
2 0.7578125 0.4015625 0.03984375 0.0671875
2 0.13125 0.7703125 0.0421875 0.0703125