0 0.43046875 0.15390625 0.03984375 0.07109375
1 0.9390625 0.1109375 0.096875 0.159375
1 0.4984375 0.1078125 0.0640625 0.14453125
1 0.05859375 0.11640625 0.0953125 0.153125
1 0.0640625 0.87421875 0.0953125 0.1625
1 0.5078125 0.88046875 0.065625 0.1515625
1 0.95 0.8734375 0.0953125 0.16328125
2 0.0828125 0.7640625 0.04296875 0.06875
2 0.471875 0.8171875 0.0390625 0.0734375
2 0.22734375 0.7390625 0.0421875 0.07109375
2 0.0984375 0.5765625 0.0421875 0.06953125
2 0.165625 0.38125 0.040625 0.0671875
2 0.3765625 0.51328125 0.0390625 0.06875
2 0.36640625 0.2203125 0.03984375 0.06640625
2 0.1359375 0.19765625 0.0421875 0.06875
2 0.5203125 0.471875 0.03828125 0.0671875
2 0.6140625 0.61796875 0.0390625 0.06953125
2 0.696875 0.41796875 0.040625 0.06875
2 0.71015625 0.3109375 0.03984375 0.0703125
2 0.66171875 0.1578125 0.0421875 0.06953125
2 0.246875 0.3984375 0.03984375 0.0671875
2 0.87734375 0.76015625 0.0421875 0.0703125