0 0.44453125 0.16875 0.03828125 0.06953125
1 0.06875 0.1203125 0.09453125 0.15625
1 0.509375 0.103125 0.06171875 0.14765625
1 0.946875 0.1046875 0.09765625 0.175
1 0.953125 0.85703125 0.0921875 0.15625
1 0.51484375 0.87421875 0.065625 0.14375
1 0.0734375 0.8796875 0.09453125 0.1625
2 0.1859375 0.8078125 0.03984375 0.06875
2 0.28984375 0.5859375 0.040625 0.0671875
2 0.20390625 0.4015625 0.040625 0.06953125
2 0.33125 0.16328125 0.03984375 0.06875
2 0.428125 0.4484375 0.03828125 0.0671875
2 0.40703125 0.6578125 0.03828125 0.06953125
2 0.53984375 0.64140625 0.03828125 0.07109375
2 0.68125 0.6546875 0.03828125 0.06875
2 0.75078125 0.70390625 0.03984375 0.07109375
2 0.9234375 0.72734375 0.0421875 0.0703125
2 0.84296875 0.54375 0.03984375 0.06875
2 0.790625 0.39765625 0.03984375 0.06875
2 0.68671875 0.43671875 0.03984375 0.0703125
2 0.68828125 0.1515625 0.040625 0.06953125
2 0.8609375 0.171875 0.03984375 0.06953125