0 0.57109375 0.18203125 0.04296875 0.071875
1 0.94765625 0.16015625 0.103125 0.1625
1 0.5109375 0.11171875 0.07109375 0.1515625
1 0.0734375 0.08671875 0.10859375 0.17265625
1 0.034375 0.8328125 0.06875 0.1625
1 0.4546875 0.88125 0.075 0.14765625
1 0.8953125 0.91640625 0.10546875 0.1671875
2 0.7875 0.83828125 0.04375 0.07109375
2 0.6984375 0.60859375 0.0453125 0.0703125
2 0.79609375 0.43125 0.0453125 0.071875
2 0.684375 0.184375 0.0453125 0.07109375
2 0.56875 0.4625 0.04296875 0.0703125
2 0.57734375 0.67265625 0.04296875 0.071875
2 0.44609375 0.646875 0.04296875 0.07421875
2 0.30390625 0.65 0.04296875 0.07109375
2 0.23125 0.6953125 0.04375 0.07421875
2 0.05625 0.70546875 0.046875 0.0734375
2 0.14921875 0.528125 0.0453125 0.07109375
2 0.21015625 0.38671875 0.0453125 0.07109375
2 0.31171875 0.4328125 0.04375 0.0734375
2 0.32890625 0.14765625 0.0453125 0.071875
2 0.1546875 0.15625 0.0453125 0.071875