0 0.4375 0.178125 0.0390625 0.07109375
1 0.06171875 0.1296875 0.09765625 0.159375
1 0.5015625 0.11171875 0.065625 0.14921875
1 0.9390625 0.11328125 0.1015625 0.178125
1 0.9515625 0.865625 0.0890625 0.16015625
1 0.51640625 0.88359375 0.06953125 0.1453125
1 0.075 0.88828125 0.0984375 0.165625
2 0.18671875 0.8171875 0.040625 0.0703125
2 0.28828125 0.59453125 0.0421875 0.06875
2 0.2 0.41015625 0.0421875 0.07109375
2 0.32421875 0.171875 0.040625 0.0703125
2 0.425 0.4578125 0.0390625 0.06953125
2 0.40546875 0.66640625 0.0390625 0.07109375
2 0.53828125 0.65 0.0390625 0.0734375
2 0.6796875 0.66328125 0.0390625 0.0703125
2 0.75 0.7125 0.040625 0.0734375
2 0.9234375 0.7359375 0.04296875 0.071875
2 0.840625 0.55234375 0.040625 0.0703125
2 0.78671875 0.40703125 0.040625 0.0703125
2 0.6828125 0.44609375 0.040625 0.071875
2 0.68125 0.159375 0.0421875 0.07109375
2 0.85390625 0.18046875 0.040625 0.07109375