0 0.49921875 0.46796875 0.03828125 0.06953125
1 0.934375 0.1203125 0.1 0.15703125
1 0.49140625 0.10625 0.0703125 0.1484375
1 0.053125 0.0953125 0.0953125 0.14765625
1 0.05703125 0.85625 0.08984375 0.16015625
1 0.4953125 0.8765625 0.0671875 0.14765625
1 0.9375 0.8796875 0.09765625 0.165625
2 0.07734375 0.1796875 0.04375 0.0640625
2 0.13984375 0.66484375 0.0421875 0.06640625
2 0.2171875 0.34453125 0.03984375 0.06640625
2 0.26875 0.1609375 0.0421875 0.06953125
2 0.43203125 0.28359375 0.03984375 0.07109375
2 0.321875 0.54375 0.03828125 0.06640625
2 0.2140625 0.50625 0.03984375 0.0671875
2 0.28828125 0.68046875 0.03984375 0.0703125
2 0.43046875 0.65625 0.03984375 0.06953125
2 0.62421875 0.49296875 0.03828125 0.06875
2 0.54140625 0.69765625 0.03828125 0.07109375
2 0.6375 0.1546875 0.040625 0.06953125
2 0.7234375 0.34296875 0.0421875 0.06953125
2 0.74921875 0.48046875 0.0421875 0.06875
2 0.79609375 0.75546875 0.0421875 0.0703125