0 0.50625 0.46796875 0.03828125 0.06953125
1 0.0671875 0.1203125 0.0984375 0.15703125
1 0.509375 0.10625 0.06953125 0.1484375
1 0.94765625 0.0953125 0.09375 0.14765625
1 0.95234375 0.85625 0.0875 0.16015625
1 0.51484375 0.8765625 0.065625 0.14765625
1 0.07265625 0.8796875 0.0953125 0.165625
2 0.925 0.1796875 0.04296875 0.065625
2 0.86796875 0.66484375 0.0421875 0.0671875
2 0.78671875 0.34453125 0.0390625 0.0671875
2 0.7328125 0.1609375 0.040625 0.06953125
2 0.57109375 0.28359375 0.0390625 0.07109375
2 0.684375 0.54375 0.03828125 0.06640625
2 0.7921875 0.50625 0.0390625 0.0671875
2 0.71953125 0.68046875 0.0390625 0.0703125
2 0.57734375 0.65625 0.0390625 0.06953125
2 0.38125 0.49296875 0.03828125 0.06875
2 0.4671875 0.69765625 0.03828125 0.07109375
2 0.3640625 0.1546875 0.03984375 0.06953125
2 0.28046875 0.34296875 0.040625 0.06953125
2 0.25625 0.48046875 0.040625 0.06875
2 0.2125 0.75546875 0.040625 0.0703125