0 0.4890625 0.47421875 0.03984375 0.0703125
1 0.9375 0.1390625 0.10234375 0.16015625
1 0.4953125 0.1125 0.0734375 0.15
1 0.05859375 0.08828125 0.09765625 0.15
1 0.03828125 0.84765625 0.0765625 0.1640625
1 0.46796875 0.88125 0.0703125 0.14921875
1 0.91015625 0.89765625 0.1 0.16796875
2 0.07890625 0.1734375 0.0453125 0.06640625
2 0.121875 0.66015625 0.04375 0.06875
2 0.2125 0.3421875 0.040625 0.0671875
2 0.27109375 0.16015625 0.04296875 0.07109375
2 0.42890625 0.2875 0.040625 0.071875
2 0.3078125 0.54375 0.03984375 0.06640625
2 0.20234375 0.503125 0.040625 0.06875
2 0.26953125 0.68046875 0.040625 0.07109375
2 0.4125 0.659375 0.040625 0.0703125
2 0.6125 0.5015625 0.03984375 0.06953125
2 0.521875 0.7046875 0.03984375 0.071875
2 0.63984375 0.1640625 0.0421875 0.0703125
2 0.71875 0.35546875 0.04296875 0.07109375
2 0.73828125 0.49375 0.04296875 0.0703125
2 0.77421875 0.76953125 0.04296875 0.071875