0 0.290625 0.6203125 0.04296875 0.0703125
1 0.93125 0.14921875 0.0796875 0.13203125
1 0.4984375 0.1203125 0.06953125 0.1234375
1 0.06171875 0.10625 0.08984375 0.12421875
1 0.028125 0.8328125 0.05546875 0.13984375
1 0.45234375 0.8734375 0.071875 0.13203125
1 0.89921875 0.8875 0.09375 0.14453125
2 0.0796875 0.46953125 0.04375 0.06171875
2 0.26484375 0.6703125 0.04296875 0.0640625
2 0.40546875 0.78203125 0.04296875 0.0625
2 0.490625 0.6421875 0.0421875 0.06875
2 0.53984375 0.465625 0.03984375 0.06328125
2 0.45 0.42421875 0.0375 0.0625
2 0.39375 0.4265625 0.0375 0.0640625
2 0.36484375 0.49140625 0.04609375 0.06875
2 0.32421875 0.590625 0.04375 0.07109375
2 0.303125 0.45078125 0.04296875 0.06875
2 0.23515625 0.46484375 0.0453125 0.06640625
2 0.10078125 0.40390625 0.04296875 0.0671875
2 0.06640625 0.53984375 0.04609375 0.0671875
2 0.365625 0.3265625 0.04296875 0.071875
2 0.409375 0.30859375 0.04375 0.06953125