0 0.690625 0.62578125 0.0390625 0.06953125
1 0.07734375 0.128125 0.0734375 0.12890625
1 0.5125 0.1171875 0.0625 0.12109375
1 0.95 0.12109375 0.0828125 0.12109375
1 0.95625 0.84921875 0.0796875 0.1375
1 0.5140625 0.87109375 0.065625 0.1296875
1 0.0671875 0.86796875 0.08671875 0.140625
2 0.9109375 0.4828125 0.040625 0.0609375
2 0.7140625 0.6765625 0.0390625 0.06328125
2 0.5671875 0.78203125 0.03984375 0.06171875
2 0.490625 0.6390625 0.03828125 0.0671875
2 0.45078125 0.46015625 0.0359375 0.0625
2 0.54375 0.4234375 0.034375 0.06171875
2 0.59921875 0.428125 0.0328125 0.06328125
2 0.62421875 0.49375 0.0421875 0.0671875
2 0.65859375 0.59375 0.03984375 0.0703125
2 0.68828125 0.4546875 0.0390625 0.0671875
2 0.75546875 0.471875 0.040625 0.065625
2 0.8921875 0.4171875 0.0390625 0.06640625
2 0.91953125 0.55390625 0.0421875 0.06640625
2 0.63359375 0.32890625 0.03828125 0.07109375
2 0.590625 0.309375 0.03984375 0.06875