0 0.30625 0.6296875 0.0421875 0.0703125
1 0.9078125 0.10859375 0.07890625 0.13203125
1 0.4734375 0.11484375 0.0671875 0.1234375
1 0.03984375 0.13671875 0.07890625 0.1234375
1 0.04609375 0.8640625 0.0859375 0.140625
1 0.4890625 0.86875 0.07109375 0.13203125
1 0.9359375 0.846875 0.09296875 0.14453125
2 0.0828125 0.496875 0.04375 0.06171875
2 0.284375 0.6828125 0.0421875 0.0640625
2 0.43359375 0.78203125 0.04296875 0.0625
2 0.50703125 0.63515625 0.040625 0.06875
2 0.5421875 0.45546875 0.0390625 0.06328125
2 0.44921875 0.42265625 0.0375 0.0625
2 0.39375 0.42890625 0.0359375 0.0640625
2 0.36953125 0.496875 0.0453125 0.06875
2 0.3375 0.596875 0.04296875 0.07109375
2 0.3046875 0.46015625 0.0421875 0.06875
2 0.23828125 0.4796875 0.04375 0.06640625
2 0.1 0.43046875 0.0421875 0.0671875
2 0.07578125 0.56875 0.0453125 0.0671875
2 0.35703125 0.33203125 0.0421875 0.071875
2 0.39921875 0.31015625 0.04296875 0.06953125