0 0.4890625 0.5453125 0.0390625 0.0671875
1 0.075 0.134375 0.10078125 0.1609375
1 0.52109375 0.12734375 0.065625 0.14921875
1 0.959375 0.1265625 0.08125 0.159375
1 0.96171875 0.903125 0.075 0.16484375
1 0.52265625 0.9109375 0.0640625 0.15625
1 0.0671875 0.90703125 0.10078125 0.165625
2 0.79609375 0.3140625 0.040625 0.06875
2 0.6046875 0.2125 0.0390625 0.0671875
2 0.5984375 0.27578125 0.040625 0.0703125
2 0.66484375 0.50703125 0.0390625 0.0640625
2 0.68671875 0.43828125 0.03984375 0.06953125
2 0.6765625 0.3609375 0.0390625 0.06875
2 0.78984375 0.58671875 0.0421875 0.06953125
2 0.825 0.65 0.0421875 0.0734375
2 0.85859375 0.67421875 0.03984375 0.07109375
2 0.8296875 0.7234375 0.040625 0.06328125
2 0.790625 0.6796875 0.0421875 0.0703125
2 0.4984375 0.60390625 0.03828125 0.0671875
2 0.4984375 0.48359375 0.0390625 0.06875
2 0.303125 0.696875 0.0390625 0.06953125
2 0.21796875 0.7390625 0.04375 0.07421875