0 0.51796875 0.53359375 0.04375 0.0703125
1 0.9453125 0.13515625 0.109375 0.16875
1 0.50078125 0.115625 0.0765625 0.1546875
1 0.06328125 0.10234375 0.0921875 0.16484375
1 0.0453125 0.8765625 0.0625 0.1703125
1 0.47109375 0.89765625 0.075 0.1609375
1 0.9265625 0.9 0.1109375 0.16015625
2 0.21953125 0.29375 0.04609375 0.07109375
2 0.4140625 0.1984375 0.04296875 0.06953125
2 0.41796875 0.2609375 0.0453125 0.0734375
2 0.34375 0.490625 0.04296875 0.0671875
2 0.32421875 0.42109375 0.04375 0.071875
2 0.33671875 0.34453125 0.04375 0.07109375
2 0.215625 0.56640625 0.04609375 0.071875
2 0.17890625 0.6296875 0.046875 0.0765625
2 0.14375 0.65234375 0.04375 0.07421875
2 0.17109375 0.7015625 0.0453125 0.06640625
2 0.21171875 0.659375 0.046875 0.0734375
2 0.50703125 0.5921875 0.0421875 0.0703125
2 0.5109375 0.471875 0.04296875 0.07109375
2 0.6984375 0.690625 0.04296875 0.071875
2 0.7828125 0.73515625 0.04765625 0.07734375