0 0.48125 0.54140625 0.0421875 0.06875
1 0.08671875 0.11875 0.1078125 0.16484375
1 0.5328125 0.12578125 0.071875 0.1515625
1 0.9625 0.1375 0.07421875 0.1625
1 0.93671875 0.9125 0.0828125 0.16484375
1 0.4984375 0.9078125 0.071875 0.1578125
1 0.04765625 0.89140625 0.0953125 0.1703125
2 0.7984375 0.31953125 0.04375 0.06953125
2 0.61171875 0.21328125 0.0421875 0.06875
2 0.603125 0.27578125 0.04375 0.07109375
2 0.65859375 0.50859375 0.0421875 0.065625
2 0.6828125 0.440625 0.04296875 0.0703125
2 0.67734375 0.3640625 0.0421875 0.06953125
2 0.7796875 0.5921875 0.0453125 0.0703125
2 0.81171875 0.65703125 0.04609375 0.07421875
2 0.84453125 0.68125 0.04296875 0.071875
2 0.81328125 0.7296875 0.04375 0.0640625
2 0.7765625 0.6859375 0.0453125 0.07109375
2 0.48828125 0.60078125 0.040625 0.06875
2 0.49296875 0.48046875 0.0421875 0.06953125
2 0.28828125 0.68828125 0.0421875 0.0703125
2 0.2015625 0.728125 0.046875 0.0765625