1 0.946875 0.1484375 0.1046875 0.1625
1 0.93203125 0.91328125 0.10546875 0.17265625
1 0.50390625 0.11015625 0.07421875 0.1625
1 0.47578125 0.89296875 0.0734375 0.15625
1 0.04375 0.85078125 0.078125 0.171875
1 0.06328125 0.0875 0.10546875 0.175
2 0.203125 0.1390625 0.04609375 0.071875
2 0.17109375 0.3359375 0.04296875 0.07109375
2 0.2421875 0.30625 0.0453125 0.075
2 0.29375 0.240625 0.0421875 0.0703125
2 0.25078125 0.396875 0.04375 0.06953125
2 0.2421875 0.459375 0.04375 0.07109375
2 0.16328125 0.55390625 0.04609375 0.0703125
2 0.153125 0.6203125 0.04296875 0.0671875
2 0.20625 0.696875 0.04296875 0.0703125
2 0.24453125 0.715625 0.04375 0.07109375
2 0.27734375 0.62109375 0.040625 0.06640625
2 0.321875 0.58515625 0.040625 0.06953125
2 0.35078125 0.53984375 0.040625 0.06953125
2 0.4109375 0.5609375 0.03984375 0.06875
0 0.3765625 0.434375 0.040625 0.071875