1 0.9421875 0.10234375 0.1046875 0.1609375
1 0.95078125 0.87265625 0.0984375 0.17890625
1 0.4984375 0.08984375 0.07421875 0.16015625
1 0.496875 0.87421875 0.0734375 0.1546875
1 0.0609375 0.8578125 0.0859375 0.1703125
1 0.0578125 0.0921875 0.10546875 0.1765625
2 0.19921875 0.1359375 0.046875 0.07109375
2 0.1734375 0.33515625 0.04375 0.07109375
2 0.24375 0.30234375 0.0453125 0.075
2 0.2921875 0.23203125 0.04296875 0.0703125
2 0.25625 0.39140625 0.0453125 0.06875
2 0.24921875 0.4546875 0.0453125 0.07109375
2 0.1734375 0.553125 0.046875 0.06953125
2 0.16640625 0.62109375 0.04375 0.06640625
2 0.221875 0.69453125 0.04375 0.0703125
2 0.2609375 0.71015625 0.0453125 0.07109375
2 0.28984375 0.6140625 0.0421875 0.065625
2 0.33359375 0.57578125 0.0421875 0.06953125
2 0.36015625 0.52890625 0.0421875 0.06875
2 0.42109375 0.54609375 0.040625 0.0671875
0 0.38359375 0.42109375 0.0421875 0.071875