1 0.0671875 0.1109375 0.0984375 0.15703125
1 0.059375 0.88125 0.0984375 0.175
1 0.5109375 0.0984375 0.06875 0.1578125
1 0.51640625 0.88359375 0.0671875 0.15234375
1 0.95625 0.86640625 0.08671875 0.16796875
1 0.95078125 0.10078125 0.0984375 0.1734375
2 0.8109375 0.1453125 0.04375 0.06953125
2 0.83671875 0.34375 0.040625 0.06953125
2 0.76640625 0.3109375 0.0421875 0.0734375
2 0.7171875 0.240625 0.03984375 0.06875
2 0.7546875 0.4 0.0421875 0.0671875
2 0.76171875 0.46328125 0.0421875 0.06953125
2 0.83828125 0.56171875 0.04375 0.0671875
2 0.8453125 0.6296875 0.040625 0.065625
2 0.790625 0.70234375 0.040625 0.06875
2 0.7515625 0.71875 0.0421875 0.06953125
2 0.721875 0.62265625 0.0390625 0.0640625
2 0.67890625 0.584375 0.0390625 0.0671875
2 0.6515625 0.5375 0.0390625 0.0671875
2 0.590625 0.55546875 0.03828125 0.06640625
0 0.628125 0.4296875 0.0390625 0.0703125