0 0.64765625 0.6265625 0.04296875 0.07421875
1 0.9078125 0.1046875 0.10859375 0.17109375
1 0.4671875 0.12265625 0.0734375 0.1515625
1 0.0421875 0.15234375 0.084375 0.16796875
1 0.0796875 0.9046875 0.10546875 0.165625
1 0.52421875 0.89375 0.0703125 0.15625
1 0.95546875 0.8640625 0.0890625 0.1703125
2 0.6265625 0.7453125 0.0421875 0.071875
2 0.540625 0.56171875 0.0421875 0.06875
2 0.46875 0.73125 0.0421875 0.071875
2 0.521875 0.4125 0.04375 0.07109375
2 0.7 0.39140625 0.04296875 0.071875
2 0.353125 0.31328125 0.04375 0.0734375
2 0.24375 0.28046875 0.04375 0.0703125
2 0.16796875 0.29765625 0.046875 0.075
2 0.0953125 0.35546875 0.04609375 0.06875
2 0.0921875 0.65078125 0.04609375 0.0671875
2 0.13359375 0.859375 0.046875 0.0734375
2 0.20859375 0.475 0.04375 0.0703125
2 0.25625 0.5859375 0.0453125 0.06953125
2 0.33671875 0.503125 0.04296875 0.071875
2 0.51328125 0.159375 0.03828125 0.06875