0 0.37421875 0.62265625 0.040625 0.071875
1 0.0609375 0.1296875 0.1015625 0.16796875
1 0.50078125 0.10390625 0.0671875 0.14921875
1 0.9390625 0.090625 0.0984375 0.16484375
1 0.96015625 0.8421875 0.0796875 0.16328125
1 0.525 0.87578125 0.06328125 0.1546875
1 0.0828125 0.88984375 0.1015625 0.1671875
2 0.4078125 0.73828125 0.0390625 0.07109375
2 0.47421875 0.54765625 0.0390625 0.06640625
2 0.56328125 0.709375 0.03984375 0.0703125
2 0.478125 0.396875 0.040625 0.06953125
2 0.29765625 0.39375 0.040625 0.0703125
2 0.634375 0.28203125 0.040625 0.07109375
2 0.73984375 0.2390625 0.040625 0.06875
2 0.81796875 0.2484375 0.0453125 0.0734375
2 0.896875 0.2984375 0.04296875 0.06640625
2 0.93046875 0.5921875 0.04375 0.065625
2 0.9109375 0.803125 0.04375 0.07109375
2 0.79609375 0.428125 0.040625 0.06875
2 0.759375 0.54375 0.04296875 0.0671875
2 0.671875 0.46953125 0.040625 0.0703125
2 0.46015625 0.1453125 0.03515625 0.0671875