0 0.36484375 0.62890625 0.0390625 0.0703125
1 0.065625 0.1234375 0.096875 0.1640625
1 0.50625 0.115625 0.0625 0.146875
1 0.94453125 0.1203125 0.09453125 0.1609375
1 0.95234375 0.8734375 0.09375 0.159375
1 0.50859375 0.88828125 0.059375 0.15234375
1 0.065625 0.884375 0.096875 0.16328125
2 0.39453125 0.7453125 0.0375 0.06953125
2 0.4671875 0.5578125 0.0375 0.065625
2 0.5515625 0.7234375 0.03828125 0.06875
2 0.475 0.4078125 0.0390625 0.0671875
2 0.29453125 0.39765625 0.0390625 0.06875
2 0.634375 0.29921875 0.0390625 0.06953125
2 0.74140625 0.26015625 0.0390625 0.0671875
2 0.81875 0.27265625 0.04296875 0.07109375
2 0.8953125 0.3265625 0.040625 0.065625
2 0.92109375 0.6203125 0.0421875 0.0640625
2 0.8953125 0.83125 0.0421875 0.06953125
2 0.7921875 0.4515625 0.0390625 0.0671875
2 0.75234375 0.565625 0.040625 0.06640625
2 0.665625 0.4875 0.0390625 0.06875
2 0.4640625 0.15546875 0.0328125 0.06640625