0 0.8640625 0.453125 0.04296875 0.0734375
1 0.9359375 0.146875 0.096875 0.16328125
1 0.49296875 0.12578125 0.0625 0.1515625
1 0.05625 0.121875 0.09453125 0.16328125
1 0.05234375 0.87421875 0.09453125 0.1609375
1 0.496875 0.8953125 0.065625 0.15625
1 0.9390625 0.90625 0.09765625 0.16484375
2 0.6453125 0.8296875 0.03828125 0.06953125
2 0.815625 0.7671875 0.040625 0.0703125
2 0.46640625 0.61015625 0.03828125 0.06875
2 0.64453125 0.5609375 0.0390625 0.06875
2 0.79765625 0.18359375 0.03984375 0.0703125
2 0.35234375 0.375 0.0390625 0.0671875
2 0.3109375 0.175 0.0390625 0.07421875
2 0.16875 0.1796875 0.0390625 0.07109375
2 0.13203125 0.37734375 0.0421875 0.071875
2 0.184375 0.61640625 0.040625 0.0671875
2 0.159375 0.82421875 0.040625 0.0703125
2 0.203125 0.3875 0.0390625 0.06953125
2 0.2640625 0.675 0.040625 0.07109375
2 0.74140625 0.47578125 0.03984375 0.0703125
2 0.5375 0.16796875 0.0328125 0.0671875