0 0.13984375 0.41171875 0.04609375 0.075
1 0.084375 0.10078125 0.10546875 0.16796875
1 0.52734375 0.10625 0.0703125 0.1546875
1 0.9546875 0.128125 0.0890625 0.16796875
1 0.92734375 0.8796875 0.10234375 0.165625
1 0.48359375 0.87578125 0.07421875 0.159375
1 0.046875 0.859375 0.09375 0.1703125
2 0.3390625 0.8015625 0.0421875 0.07109375
2 0.171875 0.72890625 0.0453125 0.071875
2 0.528125 0.5921875 0.0421875 0.0703125
2 0.353125 0.53203125 0.04296875 0.0703125
2 0.2203125 0.14609375 0.04375 0.071875
2 0.6546875 0.36328125 0.04296875 0.0703125
2 0.70625 0.165625 0.04296875 0.0765625
2 0.8484375 0.17890625 0.04296875 0.0734375
2 0.8734375 0.37890625 0.04609375 0.07421875
2 0.809375 0.6140625 0.0453125 0.0703125
2 0.8234375 0.8234375 0.04375 0.071875
2 0.803125 0.38359375 0.04296875 0.07109375
2 0.72734375 0.66875 0.04375 0.0734375
2 0.2609375 0.4421875 0.04375 0.071875
2 0.48125 0.1453125 0.0359375 0.06875