0 0.13828125 0.4328125 0.04296875 0.071875
1 0.0640625 0.125 0.0953125 0.1609375
1 0.5078125 0.11484375 0.06171875 0.15
1 0.94453125 0.1203125 0.09453125 0.1609375
1 0.95234375 0.8734375 0.09375 0.159375
1 0.50859375 0.88359375 0.065625 0.15546875
1 0.065625 0.884375 0.096875 0.16328125
2 0.36015625 0.81484375 0.03828125 0.06875
2 0.1890625 0.7484375 0.040625 0.06953125
2 0.5375 0.6 0.03828125 0.0671875
2 0.35859375 0.54609375 0.0390625 0.0671875
2 0.20390625 0.16484375 0.03984375 0.06953125
2 0.64921875 0.36640625 0.03984375 0.0671875
2 0.690625 0.16796875 0.03984375 0.0734375
2 0.8328125 0.17578125 0.03984375 0.0703125
2 0.8703125 0.37421875 0.0421875 0.07109375
2 0.81875 0.61171875 0.0421875 0.0671875
2 0.8453125 0.82109375 0.040625 0.06953125
2 0.79921875 0.38203125 0.0390625 0.06875
2 0.740625 0.66953125 0.040625 0.0703125
2 0.2609375 0.459375 0.03984375 0.06953125
2 0.4640625 0.15546875 0.0328125 0.06640625