0 0.13984375 0.4328125 0.04296875 0.071875
1 0.0640625 0.125 0.0953125 0.1609375
1 0.5078125 0.11484375 0.06171875 0.15
1 0.94453125 0.1203125 0.09453125 0.1609375
1 0.9515625 0.8765625 0.096875 0.153125
1 0.50859375 0.88359375 0.065625 0.15546875
1 0.065625 0.884375 0.096875 0.16328125
2 0.36015625 0.81484375 0.03828125 0.06875
2 0.0921875 0.64765625 0.040625 0.06953125
2 0.53828125 0.6 0.03828125 0.0671875
2 0.37421875 0.54609375 0.0390625 0.0671875
2 0.24296875 0.19765625 0.03984375 0.06953125
2 0.73515625 0.38515625 0.03984375 0.0671875
2 0.628125 0.16796875 0.03828125 0.0734375
2 0.83828125 0.15703125 0.03984375 0.06953125
2 0.9 0.5296875 0.0453125 0.0703125
2 0.72265625 0.62578125 0.040625 0.07109375
2 0.8453125 0.821875 0.040625 0.06953125
2 0.8734375 0.296875 0.040625 0.06953125
2 0.63203125 0.7828125 0.040625 0.0703125
2 0.31171875 0.41015625 0.03984375 0.0703125
2 0.43125 0.32578125 0.0375 0.0671875