0 0.128125 0.4609375 0.0484375 0.0765625
1 0.04609375 0.15703125 0.0921875 0.16875
1 0.47890625 0.1234375 0.075 0.15546875
1 0.915625 0.10625 0.10859375 0.16875
1 0.946875 0.8609375 0.0796875 0.16015625
1 0.5203125 0.89140625 0.078125 0.16015625
1 0.07734375 0.91484375 0.11015625 0.1703125
2 0.36796875 0.83046875 0.04375 0.071875
2 0.09140625 0.678125 0.046875 0.0734375
2 0.534375 0.60625 0.04375 0.07109375
2 0.36796875 0.5609375 0.0453125 0.07109375
2 0.21796875 0.2203125 0.04609375 0.0734375
2 0.7203125 0.38203125 0.0453125 0.0703125
2 0.60234375 0.1703125 0.04375 0.07734375
2 0.8109375 0.14765625 0.04609375 0.0734375
2 0.8921875 0.5171875 0.05 0.07421875
2 0.7203125 0.62265625 0.046875 0.075
2 0.853125 0.81171875 0.04609375 0.0734375
2 0.853125 0.28671875 0.04609375 0.0734375
2 0.63828125 0.784375 0.04609375 0.07421875
2 0.2984375 0.42890625 0.04609375 0.07421875
2 0.41328125 0.33828125 0.04296875 0.0703125