0 0.13125 0.45 0.046875 0.075
1 0.0484375 0.14765625 0.096875 0.16796875
1 0.4859375 0.10625 0.07109375 0.1546875
1 0.92265625 0.0828125 0.1046875 0.16484375
1 0.94921875 0.83515625 0.084375 0.1578125
1 0.51875 0.8734375 0.075 0.159375
1 0.07578125 0.9046875 0.1078125 0.1703125
2 0.36640625 0.815625 0.04296875 0.07109375
2 0.0921875 0.66640625 0.04609375 0.071875
2 0.53671875 0.58828125 0.04296875 0.0703125
2 0.3703125 0.54609375 0.04375 0.0703125
2 0.225 0.2078125 0.0453125 0.071875
2 0.725 0.36015625 0.04375 0.0703125
2 0.60859375 0.15078125 0.04296875 0.0765625
2 0.81875 0.12578125 0.0453125 0.071875
2 0.8953125 0.49296875 0.0484375 0.0734375
2 0.721875 0.60078125 0.04609375 0.07421875
2 0.85234375 0.78828125 0.0453125 0.071875
2 0.85859375 0.2625 0.0453125 0.071875
2 0.63828125 0.76484375 0.0453125 0.0734375
2 0.303125 0.41484375 0.0453125 0.0734375
2 0.41875 0.321875 0.0421875 0.0703125