0 0.14296875 0.2890625 0.04765625 0.075
1 0.08359375 0.103125 0.109375 0.1640625
1 0.52421875 0.103125 0.075 0.14453125
1 0.95390625 0.121875 0.08984375 0.1703125
1 0.91015625 0.87734375 0.10859375 0.165625
1 0.4703125 0.8734375 0.07421875 0.1578125
1 0.03984375 0.86015625 0.0796875 0.16875
2 0.3765625 0.50078125 0.0453125 0.0734375
2 0.3234375 0.36171875 0.0453125 0.071875
2 0.3203125 0.15 0.04375 0.071875
2 0.46328125 0.440625 0.04296875 0.07109375
2 0.5359375 0.29765625 0.04296875 0.07109375
2 0.64375 0.1609375 0.04375 0.075
2 0.72890625 0.28828125 0.04375 0.0703125
2 0.884375 0.325 0.04765625 0.0734375
2 0.88203125 0.5265625 0.05 0.07421875
2 0.8109375 0.81875 0.04765625 0.075
2 0.70390625 0.6203125 0.046875 0.075
2 0.6125 0.5453125 0.0453125 0.07421875
2 0.64609375 0.45078125 0.0453125 0.06953125
2 0.52109375 0.5828125 0.0453125 0.07109375
2 0.33515625 0.790625 0.0453125 0.07734375