0 0.8625 0.29375 0.0453125 0.07421875
1 0.9296875 0.10859375 0.10234375 0.16015625
1 0.4890625 0.10546875 0.0703125 0.1421875
1 0.04921875 0.121875 0.09765625 0.165625
1 0.0703125 0.878125 0.1015625 0.1625
1 0.51171875 0.8765625 0.0671875 0.15625
1 0.95234375 0.865625 0.09453125 0.16484375
2 0.6203125 0.50390625 0.040625 0.07109375
2 0.67890625 0.365625 0.040625 0.0703125
2 0.690625 0.1546875 0.040625 0.0703125
2 0.5359375 0.44375 0.03984375 0.06953125
2 0.46953125 0.3 0.03984375 0.06953125
2 0.3671875 0.16328125 0.040625 0.0734375
2 0.2765625 0.28984375 0.040625 0.06875
2 0.11875 0.32578125 0.04375 0.071875
2 0.1140625 0.528125 0.04609375 0.0734375
2 0.171875 0.81953125 0.04375 0.07421875
2 0.2875 0.621875 0.04375 0.07421875
2 0.38203125 0.54765625 0.0421875 0.071875
2 0.35234375 0.45234375 0.040625 0.0671875
2 0.471875 0.58515625 0.040625 0.06953125
2 0.65 0.7953125 0.0421875 0.075