0 0.13984375 0.31015625 0.04296875 0.071875
1 0.065625 0.1265625 0.09765625 0.15703125
1 0.50625 0.1109375 0.065625 0.140625
1 0.946875 0.11484375 0.0953125 0.16328125
1 0.9515625 0.8703125 0.096875 0.159375
1 0.5109375 0.88203125 0.0625 0.1546875
1 0.06875 0.88359375 0.090625 0.1625
2 0.3890625 0.51328125 0.0390625 0.0703125
2 0.325 0.3765625 0.0390625 0.06953125
2 0.30625 0.165625 0.0390625 0.06953125
2 0.47109375 0.45078125 0.03828125 0.06875
2 0.5328125 0.3046875 0.03828125 0.06875
2 0.6296875 0.16484375 0.0390625 0.071875
2 0.725 0.28828125 0.0390625 0.0671875
2 0.88359375 0.3203125 0.0421875 0.0703125
2 0.89609375 0.521875 0.04375 0.07109375
2 0.84765625 0.815625 0.0421875 0.071875
2 0.72578125 0.62109375 0.0421875 0.071875
2 0.628125 0.54921875 0.03984375 0.07109375
2 0.6546875 0.45390625 0.0390625 0.0671875
2 0.53984375 0.58984375 0.0390625 0.06875
2 0.36953125 0.8046875 0.03984375 0.07421875