0 0.890625 0.159375 0.04375 0.06953125
1 0.065625 0.12578125 0.096875 0.15625
1 0.50703125 0.115625 0.065625 0.1515625
1 0.946875 0.11484375 0.09296875 0.159375
1 0.9515625 0.8703125 0.0953125 0.153125
1 0.51015625 0.88203125 0.0640625 0.1546875
1 0.0671875 0.8859375 0.0921875 0.16328125
2 0.73203125 0.25703125 0.0390625 0.06875
2 0.846875 0.815625 0.0421875 0.071875
2 0.8953125 0.521875 0.0453125 0.0703125
2 0.8015625 0.53046875 0.0421875 0.06875
2 0.725 0.6203125 0.0421875 0.07109375
2 0.62734375 0.584375 0.040625 0.06953125
2 0.46796875 0.80703125 0.034375 0.06640625
2 0.13125 0.815625 0.040625 0.075
2 0.3875 0.51328125 0.0390625 0.0703125
2 0.59296875 0.30703125 0.0390625 0.0671875
2 0.690625 0.35078125 0.03984375 0.0671875
2 0.371875 0.1984375 0.03984375 0.07109375
2 0.30625 0.165625 0.03984375 0.07109375
2 0.46796875 0.15078125 0.03828125 0.0703125
2 0.53984375 0.14921875 0.03984375 0.07109375