0 0.1109375 0.159375 0.0453125 0.06953125
1 0.9359375 0.1203125 0.09765625 0.15703125
1 0.49375 0.1125 0.06640625 0.15
1 0.05390625 0.1140625 0.09453125 0.16015625
1 0.059375 0.86953125 0.09765625 0.153125
1 0.5 0.8796875 0.06640625 0.1546875
1 0.94375 0.88125 0.09375 0.1640625
2 0.27109375 0.25625 0.03984375 0.06875
2 0.1625 0.81484375 0.0421875 0.071875
2 0.11015625 0.52109375 0.04609375 0.0703125
2 0.2046875 0.5296875 0.04296875 0.06875
2 0.28203125 0.61875 0.04296875 0.07109375
2 0.3796875 0.58203125 0.0421875 0.06953125
2 0.540625 0.80390625 0.03515625 0.06640625
2 0.878125 0.8109375 0.0421875 0.075
2 0.61796875 0.509375 0.03984375 0.0703125
2 0.41015625 0.3046875 0.03984375 0.0671875
2 0.31328125 0.3484375 0.040625 0.0671875
2 0.63125 0.1953125 0.03984375 0.07109375
2 0.6953125 0.1625 0.040625 0.07109375
2 0.53359375 0.14765625 0.0390625 0.0703125
2 0.46171875 0.146875 0.040625 0.07109375