0 0.1203125 0.146875 0.046875 0.07109375
1 0.94609375 0.146875 0.103125 0.16015625
1 0.5046875 0.11796875 0.071875 0.153125
1 0.065625 0.1 0.10078125 0.16328125
1 0.03828125 0.853125 0.0765625 0.15625
1 0.46640625 0.884375 0.07109375 0.15625
1 0.909375 0.90625 0.0984375 0.1671875
2 0.27421875 0.25078125 0.0421875 0.06953125
2 0.1328125 0.8046875 0.0453125 0.0734375
2 0.0984375 0.50859375 0.04765625 0.071875
2 0.19140625 0.52109375 0.0453125 0.06953125
2 0.2640625 0.6140625 0.04609375 0.071875
2 0.3625 0.58125 0.04375 0.0703125
2 0.51171875 0.8109375 0.0375 0.0671875
2 0.84765625 0.8328125 0.04375 0.0765625
2 0.60625 0.5203125 0.0421875 0.07109375
2 0.41015625 0.30625 0.0421875 0.06875
2 0.3109375 0.34609375 0.04296875 0.06875
2 0.6359375 0.2078125 0.04296875 0.071875
2 0.703125 0.1765625 0.04375 0.071875
2 0.5421875 0.15546875 0.040625 0.07109375
2 0.4703125 0.1515625 0.04375 0.071875