0 0.534375 0.5328125 0.0421875 0.06953125
1 0.0734375 0.11875 0.10078125 0.15703125
1 0.515625 0.115625 0.06953125 0.15234375
1 0.953125 0.12265625 0.09375 0.1609375
1 0.95078125 0.875 0.0984375 0.159375
1 0.5140625 0.884375 0.0671875 0.1515625
1 0.0703125 0.87578125 0.0953125 0.16875
2 0.89375 0.17265625 0.04296875 0.06875
2 0.8515625 0.821875 0.04375 0.0734375
2 0.9015625 0.528125 0.046875 0.07109375
2 0.8078125 0.5359375 0.04375 0.06953125
2 0.8296875 0.3453125 0.04296875 0.07109375
2 0.64765625 0.55859375 0.04296875 0.0703125
2 0.471875 0.80625 0.0359375 0.06640625
2 0.13515625 0.809375 0.04296875 0.071875
2 0.26484375 0.54921875 0.040625 0.07109375
2 0.6 0.30859375 0.040625 0.06875
2 0.696875 0.35390625 0.0421875 0.06875
2 0.37734375 0.46796875 0.03984375 0.06875
2 0.209375 0.18515625 0.0421875 0.071875
2 0.47578125 0.15 0.03984375 0.07109375
2 0.5484375 0.15 0.0421875 0.071875