0 0.46953125 0.5328125 0.04375 0.07109375
1 0.953125 0.1625 0.09375 0.16328125
1 0.51953125 0.11875 0.075 0.15546875
1 0.08046875 0.08515625 0.1046875 0.165625
1 0.03984375 0.83515625 0.07890625 0.1640625
1 0.4625 0.8859375 0.0734375 0.1546875
1 0.90546875 0.915625 0.10234375 0.16875
2 0.13828125 0.140625 0.0453125 0.0703125
2 0.13203125 0.7921875 0.046875 0.075
2 0.10390625 0.49375 0.0484375 0.0734375
2 0.196875 0.5109375 0.046875 0.07109375
2 0.1890625 0.31875 0.04609375 0.0734375
2 0.3546875 0.54765625 0.0453125 0.071875
2 0.51015625 0.81171875 0.0390625 0.06875
2 0.8453125 0.8453125 0.04609375 0.07421875
2 0.7359375 0.575 0.04296875 0.0734375
2 0.4203125 0.30390625 0.04296875 0.0703125
2 0.31953125 0.3390625 0.0453125 0.0703125
2 0.63046875 0.48359375 0.04296875 0.0703125
2 0.81953125 0.2171875 0.04375 0.07421875
2 0.55625 0.15703125 0.04296875 0.0734375
2 0.484375 0.15 0.0453125 0.07421875