0 0.52890625 0.53203125 0.03984375 0.06875
1 0.065625 0.12578125 0.096875 0.15625
1 0.50703125 0.115625 0.065625 0.1515625
1 0.946875 0.11484375 0.09375 0.159375
1 0.95 0.86796875 0.0984375 0.15703125
1 0.51015625 0.884375 0.06328125 0.15
1 0.0671875 0.88359375 0.090625 0.16796875
2 0.8859375 0.165625 0.040625 0.0671875
2 0.846875 0.815625 0.0421875 0.071875
2 0.8953125 0.521875 0.0453125 0.0703125
2 0.8015625 0.53046875 0.0421875 0.06875
2 0.82265625 0.33984375 0.040625 0.0703125
2 0.6421875 0.55625 0.040625 0.06953125
2 0.46796875 0.80703125 0.034375 0.06640625
2 0.13125 0.815625 0.040625 0.07109375
2 0.259375 0.55390625 0.0390625 0.0703125
2 0.59296875 0.30703125 0.0390625 0.0671875
2 0.690625 0.35078125 0.03984375 0.0671875
2 0.371875 0.4703125 0.03828125 0.0671875
2 0.2015625 0.190625 0.03984375 0.07109375
2 0.46796875 0.15078125 0.03828125 0.0703125
2 0.53984375 0.14921875 0.03984375 0.07109375