0 0.47109375 0.4953125 0.03828125 0.06875
1 0.065625 0.12578125 0.096875 0.15625
1 0.50703125 0.115625 0.065625 0.1515625
1 0.94609375 0.11328125 0.09453125 0.15625
1 0.95078125 0.86953125 0.096875 0.1546875
1 0.51015625 0.88515625 0.0640625 0.146875
1 0.0671875 0.88828125 0.09296875 0.159375
2 0.84296875 0.19453125 0.03984375 0.07109375
2 0.18125 0.64375 0.04296875 0.071875
2 0.69296875 0.6453125 0.040625 0.06875
2 0.734375 0.44140625 0.03984375 0.0671875
2 0.8046875 0.5875 0.04296875 0.071875
2 0.57890625 0.55859375 0.0359375 0.0671875
2 0.2328125 0.83828125 0.03984375 0.0734375
2 0.10234375 0.72265625 0.03984375 0.06953125
2 0.353125 0.7671875 0.034375 0.06328125
2 0.36484375 0.196875 0.0375 0.06953125
2 0.49140625 0.6859375 0.0375 0.06875
2 0.240625 0.334375 0.040625 0.06953125
2 0.0890625 0.23515625 0.04375 0.0671875
2 0.128125 0.4828125 0.040625 0.06953125
2 0.5375 0.14921875 0.0390625 0.0734375