0 0.46796875 0.50078125 0.04296875 0.07109375
1 0.046875 0.1578125 0.09375 0.16328125
1 0.4796875 0.11875 0.0765625 0.15546875
1 0.91796875 0.08828125 0.10625 0.16328125
1 0.95625 0.8421875 0.07890625 0.16015625
1 0.53203125 0.88671875 0.075 0.15
1 0.090625 0.9171875 0.1046875 0.16484375
2 0.81953125 0.1765625 0.0453125 0.07421875
2 0.18828125 0.66640625 0.04765625 0.075
2 0.6984375 0.6359375 0.0453125 0.07109375
2 0.72734375 0.4296875 0.04375 0.0703125
2 0.80625 0.57109375 0.04765625 0.075
2 0.57890625 0.55625 0.040625 0.06953125
2 0.2515625 0.8578125 0.0453125 0.0765625
2 0.11484375 0.75078125 0.0453125 0.071875
2 0.36796875 0.7796875 0.03828125 0.065625
2 0.34296875 0.209375 0.0421875 0.07109375
2 0.50078125 0.6890625 0.0421875 0.0703125
2 0.22734375 0.35390625 0.0453125 0.071875
2 0.06953125 0.26484375 0.0484375 0.0703125
2 0.12421875 0.509375 0.04609375 0.071875
2 0.5125 0.15 0.04375 0.0765625