0 0.5203125 0.4859375 0.03984375 0.0703125
1 0.92578125 0.10234375 0.1015625 0.159375
1 0.48359375 0.10703125 0.0703125 0.153125
1 0.04765625 0.1203125 0.09453125 0.16015625
1 0.04609375 0.8765625 0.0921875 0.15703125
1 0.48125 0.8765625 0.06953125 0.1484375
1 0.92421875 0.8640625 0.09765625 0.16328125
2 0.1484375 0.1984375 0.0421875 0.0734375
2 0.81015625 0.62421875 0.0453125 0.07421875
2 0.2984375 0.64375 0.04296875 0.0703125
2 0.25703125 0.440625 0.0421875 0.06953125
2 0.18671875 0.58984375 0.0453125 0.07421875
2 0.4125 0.553125 0.03828125 0.06953125
2 0.75859375 0.81953125 0.0421875 0.075
2 0.8890625 0.7 0.0421875 0.07109375
2 0.63828125 0.75390625 0.0359375 0.0640625
2 0.6265625 0.1828125 0.0390625 0.07109375
2 0.49921875 0.67734375 0.0390625 0.0703125
2 0.75078125 0.31640625 0.04296875 0.07109375
2 0.90234375 0.21171875 0.04609375 0.06953125
2 0.86328125 0.46171875 0.04296875 0.07109375
2 0.45390625 0.1421875 0.040625 0.075