0 0.42265625 0.528125 0.03828125 0.06953125
1 0.065625 0.12578125 0.096875 0.15625
1 0.50703125 0.115625 0.065625 0.1515625
1 0.94609375 0.1125 0.0953125 0.15625
1 0.9515625 0.86796875 0.0953125 0.15546875
1 0.51015625 0.88203125 0.0609375 0.1484375
1 0.06796875 0.88671875 0.09375 0.1625
2 0.84296875 0.1953125 0.040625 0.07421875
2 0.159375 0.625 0.0421875 0.071875
2 0.7859375 0.746875 0.0421875 0.0734375
2 0.6609375 0.66875 0.03984375 0.06875
2 0.3953125 0.68125 0.03984375 0.071875
2 0.58515625 0.60546875 0.03984375 0.0703125
2 0.2453125 0.73046875 0.040625 0.0703125
2 0.10234375 0.7140625 0.04375 0.0703125
2 0.3375 0.76015625 0.03828125 0.0703125
2 0.36484375 0.196875 0.03828125 0.0671875
2 0.46953125 0.425 0.03828125 0.06953125
2 0.2640625 0.24609375 0.03984375 0.06875
2 0.17109375 0.2984375 0.040625 0.06953125
2 0.11796875 0.446875 0.040625 0.0671875
2 0.65546875 0.45 0.0390625 0.06953125