0 0.571875 0.52890625 0.040625 0.0703125
1 0.9203125 0.11640625 0.103125 0.16015625
1 0.478125 0.11875 0.071875 0.153125
1 0.0453125 0.12890625 0.090625 0.16015625
1 0.0515625 0.884375 0.10234375 0.159375
1 0.49296875 0.88515625 0.0671875 0.15
1 0.93515625 0.8765625 0.10078125 0.165625
2 0.14453125 0.20859375 0.04375 0.075
2 0.8375 0.61796875 0.04609375 0.0734375
2 0.2140625 0.7578125 0.04609375 0.07421875
2 0.3375 0.67578125 0.04296875 0.06953125
2 0.603125 0.68125 0.04375 0.0734375
2 0.41171875 0.6109375 0.04296875 0.07109375
2 0.75390625 0.72578125 0.04375 0.07109375
2 0.896875 0.7046875 0.046875 0.071875
2 0.6625 0.75859375 0.040625 0.07109375
2 0.621875 0.19609375 0.040625 0.06875
2 0.52265625 0.42734375 0.040625 0.0703125
2 0.72421875 0.2421875 0.04296875 0.06953125
2 0.81796875 0.2921875 0.04375 0.0703125
2 0.875 0.4390625 0.04375 0.06875
2 0.3375 0.45703125 0.0421875 0.0703125