0 0.56328125 0.5359375 0.04375 0.07109375
1 0.946875 0.1546875 0.10234375 0.1609375
1 0.51015625 0.11796875 0.0765625 0.1546875
1 0.0734375 0.090625 0.1078125 0.1609375
1 0.03203125 0.84453125 0.06328125 0.159375
1 0.44921875 0.884375 0.071875 0.1515625
1 0.88984375 0.9140625 0.10546875 0.16796875
2 0.1703125 0.17890625 0.04609375 0.0765625
2 0.81875 0.64765625 0.04765625 0.07421875
2 0.184375 0.7328125 0.04765625 0.075
2 0.315625 0.66171875 0.04609375 0.0703125
2 0.57890625 0.690625 0.04609375 0.07421875
2 0.3953125 0.603125 0.04609375 0.071875
2 0.725 0.7484375 0.046875 0.071875
2 0.86875 0.73984375 0.0484375 0.071875
2 0.63125 0.77265625 0.04296875 0.071875
2 0.64609375 0.2078125 0.04296875 0.06953125
2 0.52421875 0.4296875 0.04375 0.07109375
2 0.74296875 0.26328125 0.0453125 0.0703125
2 0.83125 0.32109375 0.046875 0.07109375
2 0.8734375 0.47265625 0.046875 0.06953125
2 0.3375 0.44375 0.04375 0.07109375