0 0.4875 0.4828125 0.0390625 0.0703125
1 0.0671875 0.1234375 0.09765625 0.15546875
1 0.50859375 0.1109375 0.06640625 0.1484375
1 0.94765625 0.10625 0.09765625 0.16015625
1 0.95546875 0.86796875 0.0890625 0.15703125
1 0.52265625 0.878125 0.07109375 0.1546875
1 0.078125 0.8828125 0.09375 0.1578125
2 0.8546875 0.2328125 0.0421875 0.0703125
2 0.83984375 0.63203125 0.04296875 0.071875
2 0.67734375 0.6 0.03984375 0.0671875
2 0.65703125 0.4796875 0.03984375 0.0671875
2 0.5984375 0.31640625 0.03984375 0.07109375
2 0.38828125 0.23125 0.03984375 0.06875
2 0.55234375 0.571875 0.0375 0.0640625
2 0.3890625 0.6296875 0.03984375 0.0734375
2 0.334375 0.46171875 0.0421875 0.06953125
2 0.2734375 0.31328125 0.03828125 0.0609375
2 0.18828125 0.61875 0.0421875 0.07109375
2 0.35 0.809375 0.03984375 0.0703125
2 0.240625 0.76875 0.04296875 0.07421875
2 0.1421875 0.68515625 0.0421875 0.0703125
2 0.1234375 0.42734375 0.0421875 0.06640625