0 0.48203125 0.48515625 0.03828125 0.0703125
1 0.065625 0.1234375 0.0953125 0.15546875
1 0.50703125 0.1140625 0.0640625 0.14921875
1 0.94609375 0.11171875 0.0953125 0.159375
1 0.94921875 0.8734375 0.09453125 0.15625
1 0.5125 0.88125 0.06953125 0.1546875
1 0.06796875 0.88359375 0.09296875 0.15703125
2 0.8515625 0.2375 0.0421875 0.0703125
2 0.8328125 0.6375 0.0421875 0.071875
2 0.6703125 0.60390625 0.03984375 0.0671875
2 0.65078125 0.48359375 0.0390625 0.0671875
2 0.59453125 0.31953125 0.0390625 0.07109375
2 0.38515625 0.23359375 0.0390625 0.06875
2 0.5453125 0.575 0.0359375 0.065625
2 0.38203125 0.63203125 0.0390625 0.0734375
2 0.32890625 0.46328125 0.040625 0.06953125
2 0.2703125 0.3140625 0.0375 0.0609375
2 0.18125 0.6203125 0.040625 0.07109375
2 0.340625 0.8109375 0.0390625 0.0703125
2 0.23125 0.7703125 0.0421875 0.07421875
2 0.134375 0.6859375 0.040625 0.0703125
2 0.11875 0.428125 0.0421875 0.0671875