0 0.490625 0.4796875 0.0390625 0.0703125
1 0.06796875 0.12265625 0.0984375 0.15546875
1 0.50859375 0.10859375 0.0671875 0.14921875
1 0.9484375 0.10078125 0.0984375 0.16015625
1 0.9578125 0.8625 0.084375 0.15703125
1 0.528125 0.87578125 0.071875 0.15546875
1 0.08359375 0.88203125 0.09453125 0.1578125
2 0.85625 0.228125 0.0421875 0.0703125
2 0.84375 0.62734375 0.04296875 0.0734375
2 0.68125 0.59609375 0.03984375 0.0671875
2 0.659375 0.47578125 0.03984375 0.0671875
2 0.6 0.31328125 0.03984375 0.07109375
2 0.3890625 0.22890625 0.03984375 0.06875
2 0.55546875 0.56875 0.0375 0.0640625
2 0.39296875 0.62734375 0.03984375 0.0734375
2 0.3375 0.459375 0.0421875 0.06953125
2 0.275 0.31171875 0.03828125 0.0609375
2 0.1921875 0.61796875 0.0421875 0.07109375
2 0.3546875 0.80703125 0.03984375 0.0703125
2 0.2453125 0.7671875 0.04296875 0.075
2 0.146875 0.684375 0.0421875 0.0703125
2 0.12578125 0.4265625 0.0421875 0.06640625