0 0.20234375 0.4421875 0.046875 0.07421875
1 0.91875 0.0921875 0.10625 0.159375
1 0.4765625 0.10234375 0.07890625 0.15546875
1 0.03984375 0.11640625 0.0796875 0.16484375
1 0.0390625 0.884375 0.078125 0.16328125
1 0.47734375 0.8796875 0.07421875 0.15625
1 0.93046875 0.8640625 0.10234375 0.1765625
2 0.12578125 0.33125 0.04765625 0.0765625
2 0.07421875 0.58046875 0.05 0.071875
2 0.15 0.55390625 0.046875 0.07421875
2 0.18671875 0.5015625 0.04765625 0.0734375
2 0.16328125 0.45703125 0.04375 0.0703125
2 0.2390625 0.47421875 0.04609375 0.071875
2 0.2859375 0.3359375 0.04375 0.07109375
2 0.215625 0.22734375 0.0453125 0.0734375
2 0.290625 0.20859375 0.046875 0.07734375
2 0.3546875 0.1828125 0.0453125 0.07734375
2 0.378125 0.28828125 0.0453125 0.07109375
2 0.3765625 0.36015625 0.0453125 0.07421875
2 0.5375 0.45625 0.04296875 0.07109375
2 0.5 0.63671875 0.0421875 0.07109375