0 0.79140625 0.409375 0.0453125 0.075
1 0.0609375 0.1140625 0.10234375 0.159375
1 0.50234375 0.08984375 0.0765625 0.15625
1 0.9484375 0.07734375 0.096875 0.1546875
1 0.96875 0.83828125 0.0625 0.16328125
1 0.5375 0.86640625 0.07109375 0.15703125
1 0.08125 0.8859375 0.10546875 0.1765625
2 0.86171875 0.2921875 0.04609375 0.0765625
2 0.925 0.5375 0.04765625 0.071875
2 0.8484375 0.51640625 0.0453125 0.075
2 0.81015625 0.4671875 0.04609375 0.0734375
2 0.83125 0.42109375 0.0421875 0.07109375
2 0.75625 0.44375 0.04296875 0.0734375
2 0.703125 0.309375 0.0421875 0.071875
2 0.76796875 0.1953125 0.04296875 0.07421875
2 0.6921875 0.18203125 0.0453125 0.07734375
2 0.6265625 0.1609375 0.04296875 0.07734375
2 0.60859375 0.26796875 0.04296875 0.071875
2 0.6140625 0.33984375 0.04296875 0.075
2 0.4578125 0.44921875 0.040625 0.071875
2 0.50390625 0.62578125 0.03984375 0.071875