0 0.7859375 0.43203125 0.04296875 0.0734375
1 0.065625 0.1078125 0.096875 0.15625
1 0.50703125 0.1015625 0.0703125 0.153125
1 0.95390625 0.10078125 0.090625 0.1625
1 0.959375 0.86875 0.0796875 0.16015625
1 0.51484375 0.8796875 0.065625 0.1546875
1 0.059375 0.8796875 0.1 0.1734375
2 0.86015625 0.31875 0.04375 0.07421875
2 0.91484375 0.565625 0.04609375 0.0703125
2 0.8390625 0.5421875 0.04296875 0.0734375
2 0.8015625 0.49140625 0.04375 0.07109375
2 0.825 0.44609375 0.03984375 0.06953125
2 0.74921875 0.465625 0.040625 0.07109375
2 0.7 0.32890625 0.03984375 0.0703125
2 0.76875 0.21796875 0.040625 0.071875
2 0.69375 0.2015625 0.04296875 0.0765625
2 0.6296875 0.178125 0.040625 0.0765625
2 0.6078125 0.284375 0.040625 0.0703125
2 0.61015625 0.35625 0.040625 0.0734375
2 0.45 0.45859375 0.0390625 0.0703125
2 0.490625 0.6375 0.03828125 0.0703125