0 0.675 0.48828125 0.04609375 0.07421875
1 0.0515625 0.13046875 0.10078125 0.1609375
1 0.48828125 0.0953125 0.08125 0.15703125
1 0.9328125 0.075 0.10234375 0.15
1 0.9734375 0.83359375 0.053125 0.16484375
1 0.55 0.871875 0.0765625 0.1578125
1 0.0953125 0.9015625 0.1109375 0.1796875
2 0.89296875 0.18828125 0.0484375 0.07890625
2 0.16484375 0.23671875 0.0484375 0.07734375
2 0.8875 0.44375 0.04609375 0.0734375
2 0.925 0.3609375 0.0484375 0.07421875
2 0.8796875 0.37578125 0.0484375 0.07734375
2 0.66015625 0.5421875 0.04609375 0.07421875
2 0.6515625 0.4390625 0.0453125 0.0734375
2 0.86015625 0.15703125 0.05 0.08125
2 0.690625 0.196875 0.046875 0.07890625
2 0.23515625 0.25234375 0.04375 0.071875
2 0.2671875 0.3765625 0.046875 0.0765625
2 0.28828125 0.5890625 0.0453125 0.075
2 0.4984375 0.534375 0.0453125 0.078125
2 0.5703125 0.56875 0.04375 0.0734375