0 0.32734375 0.49296875 0.0453125 0.0734375
1 0.946875 0.10625 0.1046875 0.1609375
1 0.50546875 0.09296875 0.07734375 0.15625
1 0.059375 0.084375 0.0984375 0.1671875
1 0.03046875 0.85234375 0.0609375 0.1640625
1 0.46171875 0.8703125 0.071875 0.15703125
1 0.9171875 0.87890625 0.1078125 0.17890625
2 0.103125 0.203125 0.04765625 0.078125
2 0.83203125 0.21796875 0.04765625 0.07734375
2 0.1140625 0.459375 0.04375 0.071875
2 0.075 0.378125 0.04765625 0.07421875
2 0.1203125 0.390625 0.04765625 0.07734375
2 0.34453125 0.5453125 0.0453125 0.0734375
2 0.35 0.44375 0.04296875 0.071875
2 0.13515625 0.17109375 0.04765625 0.0796875
2 0.30546875 0.20234375 0.04609375 0.078125
2 0.7625 0.2375 0.04296875 0.07109375
2 0.7328125 0.3625 0.04609375 0.075
2 0.7171875 0.57578125 0.04375 0.07421875
2 0.5046875 0.53125 0.04375 0.07734375
2 0.434375 0.56796875 0.0421875 0.071875