0 0.66640625 0.5046875 0.040625 0.07109375
1 0.065625 0.1078125 0.096875 0.15625
1 0.50703125 0.1015625 0.0703125 0.153125
1 0.95390625 0.10078125 0.090625 0.1625
1 0.959375 0.86875 0.0796875 0.16015625
1 0.51484375 0.8796875 0.065625 0.1546875
1 0.059375 0.8796875 0.1 0.1734375
2 0.9046875 0.21953125 0.0453125 0.0765625
2 0.175 0.22109375 0.04375 0.07421875
2 0.88125 0.47421875 0.040625 0.0703125
2 0.925 0.39375 0.0453125 0.07109375
2 0.878125 0.40546875 0.04375 0.07421875
2 0.64765625 0.55703125 0.0421875 0.07109375
2 0.646875 0.4546875 0.03984375 0.0703125
2 0.87421875 0.1859375 0.0453125 0.078125
2 0.70234375 0.21484375 0.04296875 0.0765625
2 0.24375 0.24140625 0.03984375 0.06953125
2 0.2671875 0.3671875 0.0421875 0.0734375
2 0.2734375 0.58046875 0.040625 0.071875
2 0.4875 0.53984375 0.03984375 0.075
2 0.55625 0.57734375 0.0390625 0.0703125