0 0.71796875 0.45234375 0.03984375 0.071875
1 0.065625 0.1078125 0.0953125 0.1640625
1 0.509375 0.09765625 0.06875 0.153125
1 0.9546875 0.1 0.090625 0.165625
1 0.95703125 0.8640625 0.08515625 0.16484375
1 0.51484375 0.8796875 0.06640625 0.153125
1 0.059375 0.884375 0.10078125 0.171875
2 0.82890625 0.68046875 0.0421875 0.075
2 0.78984375 0.65703125 0.04296875 0.071875
2 0.840625 0.378125 0.0421875 0.0734375
2 0.8 0.1984375 0.0421875 0.075
2 0.69453125 0.24140625 0.0390625 0.07109375
2 0.5953125 0.2921875 0.0390625 0.06875
2 0.6671875 0.3640625 0.03984375 0.06953125
2 0.68125 0.4640625 0.0375 0.06640625
2 0.715625 0.515625 0.040625 0.0703125
2 0.6671875 0.5421875 0.03984375 0.06875
2 0.61171875 0.55859375 0.040625 0.0734375
2 0.5875 0.5109375 0.03828125 0.0671875
2 0.50625 0.490625 0.03828125 0.0703125
2 0.48125 0.45 0.03828125 0.0671875