0 0.28046875 0.459375 0.04296875 0.0734375
1 0.9203125 0.0875 0.10078125 0.16796875
1 0.47578125 0.0953125 0.0734375 0.15546875
1 0.03984375 0.115625 0.07890625 0.16875
1 0.05625 0.87890625 0.090625 0.16875
1 0.4984375 0.8765625 0.07109375 0.15546875
1 0.95 0.86328125 0.1 0.17578125
2 0.17734375 0.690625 0.0453125 0.0765625
2 0.21640625 0.665625 0.0453125 0.0734375
2 0.15546875 0.3890625 0.04375 0.07421875
2 0.1890625 0.20859375 0.0453125 0.0765625
2 0.29609375 0.24609375 0.0421875 0.071875
2 0.396875 0.29375 0.040625 0.06953125
2 0.328125 0.36796875 0.0421875 0.0703125
2 0.31796875 0.46875 0.0390625 0.0671875
2 0.284375 0.521875 0.04296875 0.07109375
2 0.334375 0.54609375 0.0421875 0.06953125
2 0.38984375 0.56015625 0.04375 0.07421875
2 0.4125 0.5109375 0.03984375 0.06875
2 0.49296875 0.4875 0.03984375 0.07109375
2 0.51640625 0.44609375 0.03984375 0.06875