0 0.7296875 0.4734375 0.04296875 0.07421875
1 0.075 0.10234375 0.1015625 0.16796875
1 0.51875 0.11015625 0.07421875 0.15625
1 0.9578125 0.1296875 0.084375 0.16875
1 0.9625 0.89375 0.075 0.16796875
1 0.52890625 0.89140625 0.071875 0.15625
1 0.07265625 0.878125 0.1078125 0.175
2 0.8421875 0.7046875 0.0453125 0.07734375
2 0.80234375 0.68046875 0.04609375 0.07421875
2 0.85078125 0.40390625 0.0453125 0.075
2 0.8109375 0.22265625 0.0453125 0.07734375
2 0.7046875 0.2609375 0.0421875 0.0734375
2 0.60625 0.3078125 0.0421875 0.0703125
2 0.67890625 0.3828125 0.04296875 0.07109375
2 0.6921875 0.4828125 0.03984375 0.0671875
2 0.72734375 0.5359375 0.04375 0.071875
2 0.67890625 0.5609375 0.04296875 0.0703125
2 0.62421875 0.575 0.04375 0.075
2 0.6 0.52578125 0.040625 0.06953125
2 0.5171875 0.50234375 0.040625 0.071875
2 0.49296875 0.46015625 0.040625 0.06953125