0 0.653125 0.17734375 0.03984375 0.06953125
1 0.0625 0.12734375 0.1015625 0.15
1 0.50625 0.13203125 0.06953125 0.12109375
1 0.94453125 0.115625 0.096875 0.16015625
1 0.934375 0.87109375 0.09765625 0.1578125
1 0.4953125 0.88359375 0.0671875 0.1546875
1 0.05234375 0.884375 0.0953125 0.1625
2 0.8453125 0.1578125 0.0421875 0.071875
2 0.7765625 0.15703125 0.0421875 0.06953125
2 0.9125 0.46171875 0.03984375 0.0640625
2 0.8984375 0.6359375 0.04296875 0.06953125
2 0.77421875 0.8171875 0.03984375 0.06640625
2 0.65546875 0.5640625 0.040625 0.0640625
2 0.53046875 0.4609375 0.0359375 0.0640625
2 0.40546875 0.20625 0.0390625 0.0671875
2 0.3296875 0.16328125 0.0390625 0.0640625
2 0.18984375 0.16796875 0.0421875 0.0671875
2 0.08515625 0.428125 0.040625 0.0640625
2 0.0828125 0.63125 0.04375 0.06875
2 0.1609375 0.7453125 0.04296875 0.0640625
2 0.2515625 0.8109375 0.03828125 0.06640625
2 0.43203125 0.665625 0.0390625 0.0640625