0 0.653125 0.18984375 0.040625 0.07109375
1 0.0609375 0.13671875 0.1046875 0.1546875
1 0.5046875 0.14375 0.07109375 0.12421875
1 0.94140625 0.1296875 0.1 0.16328125
1 0.96015625 0.88515625 0.07890625 0.1625
1 0.53359375 0.8953125 0.0703125 0.15703125
1 0.090625 0.89375 0.0984375 0.165625
2 0.84453125 0.171875 0.04296875 0.07421875
2 0.77578125 0.1703125 0.04296875 0.07109375
2 0.928125 0.47578125 0.0421875 0.06640625
2 0.92265625 0.64921875 0.04375 0.07109375
2 0.8078125 0.83046875 0.040625 0.0671875
2 0.6765625 0.57734375 0.0421875 0.065625
2 0.5453125 0.4734375 0.03828125 0.06640625
2 0.40703125 0.2171875 0.03984375 0.06953125
2 0.3296875 0.17421875 0.03984375 0.065625
2 0.18984375 0.178125 0.04296875 0.06953125
2 0.09921875 0.43671875 0.0421875 0.06640625
2 0.1078125 0.640625 0.0453125 0.0703125
2 0.19140625 0.75546875 0.04375 0.06640625
2 0.2859375 0.82109375 0.0390625 0.0671875
2 0.45859375 0.6765625 0.03984375 0.06640625