0 0.65546875 0.17734375 0.0390625 0.06953125
1 0.06484375 0.12734375 0.0984375 0.1515625
1 0.50859375 0.13203125 0.0671875 0.12109375
1 0.94609375 0.115625 0.09453125 0.16015625
1 0.95 0.87109375 0.09453125 0.1578125
1 0.5109375 0.88359375 0.065625 0.1546875
1 0.06796875 0.884375 0.09296875 0.1625
2 0.8484375 0.1578125 0.040625 0.071875
2 0.7796875 0.15703125 0.040625 0.06953125
2 0.92109375 0.46171875 0.03984375 0.065625
2 0.909375 0.6359375 0.0421875 0.06953125
2 0.78828125 0.8171875 0.0390625 0.06640625
2 0.665625 0.5640625 0.03984375 0.0640625
2 0.53828125 0.4609375 0.0359375 0.065625
2 0.40859375 0.20625 0.03828125 0.0671875
2 0.3328125 0.16328125 0.03828125 0.0640625
2 0.19296875 0.16796875 0.040625 0.0671875
2 0.0921875 0.428125 0.03984375 0.065625
2 0.09375 0.63125 0.04296875 0.06875
2 0.1734375 0.7453125 0.0421875 0.065625
2 0.26640625 0.8109375 0.0375 0.06640625
2 0.44375 0.665625 0.03828125 0.065625