0 0.54609375 0.31953125 0.0421875 0.071875
1 0.946875 0.13984375 0.103125 0.16328125
1 0.50859375 0.115625 0.071875 0.15
1 0.06953125 0.1 0.1015625 0.17109375
1 0.05390625 0.85078125 0.08984375 0.16015625
1 0.4859375 0.88203125 0.07421875 0.1546875
1 0.92578125 0.89765625 0.103125 0.16484375
2 0.11796875 0.15703125 0.04375 0.07109375
2 0.32734375 0.15546875 0.0453125 0.071875
2 0.08515625 0.4484375 0.046875 0.07109375
2 0.19921875 0.27265625 0.04609375 0.0734375
2 0.153125 0.64140625 0.0453125 0.0703125
2 0.2875 0.546875 0.0453125 0.0734375
2 0.46875 0.46015625 0.03984375 0.0671875
2 0.8 0.35390625 0.04296875 0.0703125
2 0.684375 0.1703125 0.04375 0.071875
2 0.88359375 0.3234375 0.0421875 0.07109375
2 0.77734375 0.834375 0.04296875 0.075
2 0.90703125 0.68828125 0.0484375 0.075
2 0.425 0.646875 0.040625 0.06953125
2 0.33515625 0.61171875 0.040625 0.06875
2 0.340625 0.48125 0.04375 0.0703125