0 0.4640625 0.31796875 0.0390625 0.07109375
1 0.0671875 0.12421875 0.0953125 0.16015625
1 0.50625 0.115625 0.065625 0.1484375
1 0.9453125 0.115625 0.09375 0.16796875
1 0.95 0.86640625 0.09765625 0.15703125
1 0.5109375 0.88203125 0.0671875 0.15234375
1 0.07109375 0.8828125 0.0953125 0.1625
2 0.89609375 0.1703125 0.040625 0.0703125
2 0.68671875 0.16171875 0.040625 0.07109375
2 0.92109375 0.46328125 0.04375 0.06953125
2 0.81171875 0.2828125 0.04296875 0.071875
2 0.8484375 0.653125 0.0421875 0.06953125
2 0.7171875 0.5546875 0.0421875 0.071875
2 0.53828125 0.46171875 0.0375 0.06640625
2 0.209375 0.34375 0.03984375 0.06953125
2 0.32890625 0.16328125 0.03984375 0.07109375
2 0.1265625 0.31015625 0.0390625 0.0703125
2 0.2203125 0.82421875 0.0390625 0.07421875
2 0.09453125 0.6734375 0.0453125 0.0734375
2 0.5765625 0.65 0.03828125 0.06875
2 0.66875 0.61796875 0.03828125 0.0671875
2 0.66484375 0.48671875 0.040625 0.06953125