0 0.46015625 0.309375 0.0421875 0.0734375
1 0.07109375 0.115625 0.10234375 0.1640625
1 0.51015625 0.10703125 0.071875 0.15
1 0.9484375 0.10625 0.10078125 0.17109375
1 0.9234375 0.8578125 0.103125 0.1609375
1 0.48359375 0.8734375 0.07421875 0.1546875
1 0.04765625 0.87421875 0.09453125 0.165625
2 0.89765625 0.16171875 0.04375 0.071875
2 0.68828125 0.153125 0.04375 0.0734375
2 0.9109375 0.4546875 0.046875 0.07109375
2 0.80859375 0.27421875 0.04609375 0.07421875
2 0.83046875 0.64453125 0.0453125 0.07109375
2 0.703125 0.54609375 0.0453125 0.07421875
2 0.528125 0.45234375 0.03984375 0.0671875
2 0.2046875 0.33515625 0.04296875 0.07109375
2 0.33125 0.1546875 0.04296875 0.0734375
2 0.1234375 0.3015625 0.0421875 0.071875
2 0.19609375 0.815625 0.0421875 0.0765625
2 0.0765625 0.66484375 0.04765625 0.075
2 0.559375 0.64140625 0.040625 0.0703125
2 0.6515625 0.60859375 0.040625 0.06875
2 0.65390625 0.478125 0.04375 0.07109375