0 0.46640625 0.3390625 0.0390625 0.071875
1 0.06875 0.1265625 0.0921875 0.15703125
1 0.5078125 0.11484375 0.0625 0.15234375
1 0.94609375 0.11640625 0.096875 0.165625
1 0.9515625 0.86796875 0.0953125 0.15625
1 0.5125 0.88203125 0.06640625 0.14921875
1 0.06875 0.88359375 0.090625 0.1609375
2 0.64921875 0.4203125 0.040625 0.06953125
2 0.6703125 0.31328125 0.03984375 0.07109375
2 0.7859375 0.290625 0.0453125 0.0765625
2 0.88203125 0.2296875 0.04296875 0.071875
2 0.871875 0.38671875 0.0453125 0.06953125
2 0.853125 0.6734375 0.04375 0.06875
2 0.72578125 0.621875 0.04296875 0.0734375
2 0.65 0.63046875 0.03828125 0.0671875
2 0.5765625 0.64921875 0.03828125 0.07109375
2 0.49765625 0.49921875 0.03984375 0.0671875
2 0.33515625 0.5375 0.03984375 0.07109375
2 0.23125 0.403125 0.03984375 0.07109375
2 0.1734375 0.5484375 0.04296875 0.07109375
2 0.14140625 0.3859375 0.04375 0.0703125
2 0.36484375 0.21953125 0.03984375 0.071875