0 0.4734375 0.33671875 0.0453125 0.075
1 0.09453125 0.09765625 0.1046875 0.16328125
1 0.5328125 0.11640625 0.075 0.15625
1 0.95703125 0.1484375 0.084375 0.171875
1 0.91484375 0.8984375 0.10859375 0.1625
1 0.47578125 0.88203125 0.078125 0.153125
1 0.0421875 0.85234375 0.084375 0.1671875
2 0.65 0.43046875 0.046875 0.071875
2 0.67890625 0.32578125 0.04609375 0.07421875
2 0.79609375 0.3109375 0.05078125 0.078125
2 0.896875 0.25703125 0.0484375 0.075
2 0.87421875 0.41328125 0.05 0.071875
2 0.83203125 0.69765625 0.05 0.07109375
2 0.709375 0.6375 0.0484375 0.0765625
2 0.63359375 0.640625 0.04296875 0.06953125
2 0.5578125 0.6546875 0.04375 0.07421875
2 0.49140625 0.49921875 0.04609375 0.0703125
2 0.3265625 0.52578125 0.0453125 0.07421875
2 0.234375 0.384375 0.04609375 0.07421875
2 0.16484375 0.52578125 0.04765625 0.07421875
2 0.14609375 0.3609375 0.0484375 0.0734375
2 0.38203125 0.21015625 0.04609375 0.075