0 0.52890625 0.33828125 0.03984375 0.0734375
1 0.92421875 0.11953125 0.0953125 0.159375
1 0.48515625 0.11484375 0.06640625 0.153125
1 0.0484375 0.1234375 0.096875 0.1671875
1 0.05 0.87578125 0.1 0.15703125
1 0.4890625 0.88203125 0.06953125 0.15
1 0.93359375 0.87578125 0.09453125 0.16328125
2 0.346875 0.42265625 0.0421875 0.0703125
2 0.32421875 0.31640625 0.040625 0.071875
2 0.209375 0.2953125 0.04609375 0.0765625
2 0.11171875 0.2359375 0.04375 0.0734375
2 0.1234375 0.39296875 0.04609375 0.0703125
2 0.1453125 0.6796875 0.0453125 0.06953125
2 0.27265625 0.62578125 0.04375 0.07421875
2 0.3484375 0.6328125 0.0390625 0.0671875
2 0.42265625 0.65078125 0.0390625 0.071875
2 0.49921875 0.49921875 0.040625 0.06875
2 0.6625 0.534375 0.040625 0.071875
2 0.7640625 0.3984375 0.040625 0.071875
2 0.82421875 0.54296875 0.04375 0.071875
2 0.85390625 0.3796875 0.0453125 0.07109375
2 0.62890625 0.2171875 0.040625 0.0734375