0 0.3765625 0.4421875 0.04296875 0.075
1 0.05 0.15078125 0.1 0.1640625
1 0.4875 0.1234375 0.07109375 0.15625
1 0.925 0.10546875 0.10234375 0.16484375
1 0.95390625 0.8625 0.0828125 0.15703125
1 0.52578125 0.89140625 0.07109375 0.1515625
1 0.0828125 0.9078125 0.0984375 0.165625
2 0.76484375 0.521875 0.0453125 0.07421875
2 0.67109375 0.35 0.0390625 0.06171875
2 0.77578125 0.29765625 0.04609375 0.07734375
2 0.86796875 0.31953125 0.04609375 0.0734375
2 0.84296875 0.528125 0.04375 0.07109375
2 0.87734375 0.69375 0.0453125 0.0765625
2 0.65703125 0.46328125 0.04296875 0.07109375
2 0.65078125 0.6328125 0.03984375 0.0703125
2 0.54375 0.68984375 0.03984375 0.0734375
2 0.46796875 0.5046875 0.040625 0.06953125
2 0.296875 0.6671875 0.04296875 0.0703125
2 0.51796875 0.39921875 0.0421875 0.06953125
2 0.10234375 0.6609375 0.0484375 0.071875
2 0.1390625 0.32265625 0.0453125 0.07109375
2 0.29375 0.2796875 0.0453125 0.075