0 0.38203125 0.42890625 0.03984375 0.071875
1 0.06875 0.1265625 0.0921875 0.15703125
1 0.5078125 0.11484375 0.0625 0.15234375
1 0.946875 0.1125 0.09375 0.1578125
1 0.9515625 0.86953125 0.0953125 0.15234375
1 0.5109375 0.8828125 0.06328125 0.14765625
1 0.06796875 0.884375 0.08984375 0.159375
2 0.76640625 0.52265625 0.0421875 0.07109375
2 0.68125 0.346875 0.0359375 0.059375
2 0.78828125 0.2984375 0.04296875 0.07421875
2 0.8796875 0.32421875 0.04296875 0.0703125
2 0.84453125 0.53125 0.03984375 0.06875
2 0.871875 0.69765625 0.0421875 0.0734375
2 0.66171875 0.46015625 0.0390625 0.06875
2 0.64765625 0.6296875 0.0375 0.0671875
2 0.53828125 0.6828125 0.0375 0.0703125
2 0.4703125 0.49453125 0.0375 0.0671875
2 0.2921875 0.65078125 0.03984375 0.0671875
2 0.5265625 0.39140625 0.03828125 0.0671875
2 0.0984375 0.6375 0.0453125 0.06953125
2 0.15 0.3015625 0.0421875 0.06875
2 0.3078125 0.2640625 0.040625 0.071875