0 0.62109375 0.43125 0.04296875 0.07421875
1 0.95 0.14453125 0.1 0.16328125
1 0.5125 0.11171875 0.0703125 0.15546875
1 0.07421875 0.0890625 0.1015625 0.1640625
1 0.040625 0.8453125 0.08125 0.15625
1 0.46875 0.87890625 0.0703125 0.15
1 0.91171875 0.90078125 0.09765625 0.16484375
2 0.2328125 0.50703125 0.0453125 0.0734375
2 0.32734375 0.3359375 0.0390625 0.0609375
2 0.22265625 0.28203125 0.04609375 0.0765625
2 0.1296875 0.30390625 0.04609375 0.071875
2 0.1546875 0.5125 0.04375 0.0703125
2 0.11875 0.678125 0.0453125 0.075
2 0.340625 0.45 0.04296875 0.0703125
2 0.3453125 0.61953125 0.03984375 0.06953125
2 0.45234375 0.678125 0.03984375 0.071875
2 0.5296875 0.49296875 0.040625 0.06875
2 0.69921875 0.6578125 0.04296875 0.06953125
2 0.4796875 0.3875 0.0421875 0.06875
2 0.89375 0.653125 0.0484375 0.07109375
2 0.859375 0.315625 0.0453125 0.0703125
2 0.7046875 0.2703125 0.0453125 0.07421875