0 0.534375 0.24375 0.03984375 0.071875
1 0.06484375 0.125 0.0921875 0.15703125
1 0.50703125 0.1140625 0.0625 0.15234375
1 0.94609375 0.1140625 0.0953125 0.1609375
1 0.9515625 0.86875 0.0953125 0.153125
1 0.5109375 0.88359375 0.0625 0.146875
1 0.06796875 0.884375 0.0921875 0.1578125
2 0.72734375 0.46015625 0.0390625 0.0703125
2 0.64140625 0.38203125 0.0390625 0.0703125
2 0.79375 0.2484375 0.0453125 0.07421875
2 0.88984375 0.30703125 0.04375 0.07109375
2 0.85703125 0.50390625 0.04375 0.0703125
2 0.79453125 0.40703125 0.0421875 0.0734375
2 0.7171875 0.55390625 0.0421875 0.0734375
2 0.6484375 0.628125 0.0390625 0.06875
2 0.80625 0.65703125 0.040625 0.07109375
2 0.5875 0.6203125 0.0390625 0.06953125
2 0.278125 0.65234375 0.0421875 0.06953125
2 0.52421875 0.46328125 0.03828125 0.06953125
2 0.18125 0.2875 0.040625 0.07109375
2 0.35546875 0.2453125 0.03984375 0.0734375
2 0.35859375 0.4 0.0390625 0.07421875