0 0.4671875 0.24921875 0.0390625 0.071875
1 0.9359375 0.1359375 0.09296875 0.1578125
1 0.49375 0.11953125 0.06328125 0.153125
1 0.05390625 0.1140625 0.096875 0.1625
1 0.053125 0.86953125 0.096875 0.153125
1 0.49453125 0.8890625 0.06328125 0.14765625
1 0.9375 0.8953125 0.09296875 0.159375
2 0.275 0.46328125 0.0390625 0.0703125
2 0.3609375 0.38671875 0.0390625 0.0703125
2 0.2078125 0.25078125 0.0453125 0.075
2 0.11171875 0.30859375 0.04296875 0.071875
2 0.14609375 0.50546875 0.04296875 0.07109375
2 0.2078125 0.409375 0.040625 0.0734375
2 0.2859375 0.5578125 0.040625 0.0734375
2 0.3546875 0.63203125 0.0390625 0.06875
2 0.196875 0.659375 0.040625 0.07109375
2 0.415625 0.625 0.0390625 0.06953125
2 0.72578125 0.6609375 0.0421875 0.0703125
2 0.478125 0.46875 0.03828125 0.06953125
2 0.8203125 0.29765625 0.040625 0.07109375
2 0.64609375 0.25234375 0.03984375 0.0734375
2 0.64375 0.40703125 0.0390625 0.07421875