0 0.5421875 0.25703125 0.0421875 0.07421875
1 0.0734375 0.11875 0.096875 0.1609375
1 0.51484375 0.12578125 0.0671875 0.15546875
1 0.95234375 0.14375 0.0953125 0.16484375
1 0.953125 0.89921875 0.09375 0.15625
1 0.5140625 0.8953125 0.0671875 0.14921875
1 0.07109375 0.878125 0.0953125 0.1625
2 0.7328125 0.48125 0.040625 0.071875
2 0.64765625 0.4 0.040625 0.071875
2 0.80078125 0.271875 0.046875 0.0765625
2 0.896875 0.33515625 0.04609375 0.0734375
2 0.8625 0.53046875 0.04609375 0.071875
2 0.80078125 0.43046875 0.04375 0.075
2 0.72265625 0.575 0.04375 0.075
2 0.653125 0.6453125 0.040625 0.0703125
2 0.81171875 0.68046875 0.04296875 0.0734375
2 0.59296875 0.63515625 0.040625 0.07109375
2 0.2828125 0.6546875 0.04375 0.07109375
2 0.53046875 0.47578125 0.03984375 0.07109375
2 0.18828125 0.28671875 0.04296875 0.0734375
2 0.3625 0.25078125 0.0421875 0.075
2 0.36484375 0.40546875 0.040625 0.0765625