0 0.52734375 0.3859375 0.0421875 0.071875
1 0.075 0.11640625 0.0984375 0.1609375
1 0.51640625 0.10234375 0.06953125 0.15546875
1 0.95234375 0.1015625 0.0953125 0.16875
1 0.95625 0.85234375 0.08671875 0.1625
1 0.525 0.87265625 0.06875 0.14765625
1 0.08203125 0.87578125 0.0984375 0.1625
2 0.72265625 0.384375 0.04375 0.0703125
2 0.44296875 0.65625 0.0421875 0.07421875
2 0.803125 0.23515625 0.0453125 0.075
2 0.9015625 0.2921875 0.0453125 0.071875
2 0.871875 0.4828125 0.04609375 0.0734375
2 0.70703125 0.6375 0.04296875 0.0671875
2 0.62421875 0.47265625 0.0421875 0.06953125
2 0.6640625 0.18671875 0.0421875 0.06875
2 0.925 0.7625 0.0453125 0.075
2 0.596875 0.7046875 0.040625 0.06953125
2 0.2921875 0.64375 0.04375 0.07109375
2 0.165625 0.7859375 0.04375 0.0734375
2 0.1609375 0.1921875 0.04375 0.071875
2 0.29921875 0.39921875 0.04296875 0.0703125
2 0.125 0.559375 0.04375 0.07421875