0 0.51015625 0.39765625 0.040625 0.07109375
1 0.0515625 0.140625 0.0984375 0.16015625
1 0.49296875 0.1140625 0.06875 0.1546875
1 0.93125 0.10078125 0.10234375 0.16875
1 0.9515625 0.85 0.0890625 0.1609375
1 0.51875 0.88359375 0.06953125 0.146875
1 0.0765625 0.89921875 0.0984375 0.1609375
2 0.7046875 0.38984375 0.04296875 0.06953125
2 0.43203125 0.6703125 0.0421875 0.0734375
2 0.78203125 0.23828125 0.04375 0.07421875
2 0.88203125 0.29296875 0.04375 0.07109375
2 0.85703125 0.48359375 0.0453125 0.071875
2 0.69609375 0.64375 0.0421875 0.0671875
2 0.60859375 0.48125 0.040625 0.06875
2 0.6421875 0.19375 0.040625 0.06875
2 0.9171875 0.76171875 0.0453125 0.07421875
2 0.58671875 0.7140625 0.03984375 0.06875
2 0.28125 0.6625 0.04296875 0.0703125
2 0.1578125 0.8078125 0.04375 0.071875
2 0.13984375 0.2140625 0.04296875 0.07109375
2 0.2828125 0.4171875 0.0421875 0.06953125
2 0.11171875 0.58203125 0.04375 0.0734375