0 0.51640625 0.39765625 0.0390625 0.0703125
1 0.06484375 0.125 0.0921875 0.15703125
1 0.50703125 0.1140625 0.0625 0.15234375
1 0.94609375 0.11640625 0.096875 0.165625
1 0.9515625 0.86640625 0.096875 0.1578125
1 0.5109375 0.884375 0.06328125 0.14453125
1 0.06875 0.884375 0.09296875 0.1578125
2 0.71171875 0.39765625 0.040625 0.06875
2 0.43046875 0.6671875 0.0390625 0.071875
2 0.7921875 0.2484375 0.0421875 0.0734375
2 0.890625 0.30625 0.0421875 0.0703125
2 0.86015625 0.496875 0.04296875 0.07109375
2 0.69453125 0.65 0.03984375 0.06640625
2 0.6125 0.48515625 0.0390625 0.0671875
2 0.65390625 0.19921875 0.0390625 0.0671875
2 0.9125 0.7765625 0.0421875 0.0734375
2 0.584375 0.7171875 0.03828125 0.0671875
2 0.2796875 0.6546875 0.040625 0.06953125
2 0.15234375 0.79609375 0.040625 0.07109375
2 0.1515625 0.2015625 0.040625 0.0703125
2 0.28828125 0.41015625 0.03984375 0.06875
2 0.1125 0.56875 0.040625 0.071875