0 0.528125 0.3703125 0.03828125 0.06953125
1 0.06796875 0.13203125 0.09375 0.15625
1 0.509375 0.115625 0.06640625 0.14921875
1 0.946875 0.1140625 0.09375 0.16015625
1 0.95234375 0.8703125 0.09375 0.15546875
1 0.5125 0.88515625 0.059375 0.15234375
1 0.06875 0.8859375 0.090625 0.1609375
2 0.834375 0.70390625 0.04296875 0.071875
2 0.65234375 0.2 0.0390625 0.0671875
2 0.728125 0.19609375 0.04296875 0.0734375
2 0.88984375 0.30625 0.0453125 0.0703125
2 0.72109375 0.41796875 0.03984375 0.0671875
2 0.7203125 0.53828125 0.040625 0.0703125
2 0.6984375 0.6765625 0.03984375 0.071875
2 0.44609375 0.66328125 0.03984375 0.071875
2 0.4078125 0.47578125 0.0375 0.06640625
2 0.2890625 0.29140625 0.040625 0.0703125
2 0.16484375 0.17265625 0.040625 0.0703125
2 0.26875 0.55546875 0.0421875 0.071875
2 0.14765625 0.48828125 0.04375 0.0671875
2 0.1421875 0.80859375 0.03984375 0.06953125
2 0.61484375 0.4859375 0.0421875 0.0703125