0 0.4703125 0.3609375 0.04375 0.071875
1 0.94609375 0.13828125 0.1046875 0.16328125
1 0.5078125 0.10625 0.07734375 0.153125
1 0.071875 0.08984375 0.10546875 0.1671875
1 0.03046875 0.84375 0.0609375 0.159375
1 0.446875 0.87578125 0.07109375 0.15546875
1 0.8890625 0.8921875 0.103125 0.16796875
2 0.13984375 0.6828125 0.04765625 0.075
2 0.359375 0.18671875 0.0453125 0.06953125
2 0.28359375 0.17890625 0.04765625 0.0765625
2 0.1140625 0.284375 0.05 0.0734375
2 0.27421875 0.4015625 0.0453125 0.0703125
2 0.265625 0.521875 0.046875 0.0734375
2 0.27734375 0.6609375 0.04609375 0.075
2 0.5296875 0.65625 0.0453125 0.075
2 0.58203125 0.4703125 0.0421875 0.06875
2 0.71484375 0.28984375 0.04609375 0.0734375
2 0.84765625 0.17578125 0.046875 0.0734375
2 0.71484375 0.55546875 0.04765625 0.075
2 0.840625 0.4921875 0.05 0.0703125
2 0.821875 0.81171875 0.0453125 0.071875
2 0.375 0.4734375 0.046875 0.0734375