0 0.52109375 0.3703125 0.03984375 0.0703125
1 0.06015625 0.13984375 0.09765625 0.1578125
1 0.5015625 0.115625 0.0703125 0.15
1 0.9390625 0.10625 0.09765625 0.1625
1 0.94453125 0.8625 0.0921875 0.15625
1 0.50859375 0.884375 0.0640625 0.153125
1 0.065625 0.89375 0.0953125 0.16328125
2 0.82890625 0.69765625 0.0453125 0.0734375
2 0.64453125 0.19765625 0.040625 0.0671875
2 0.7203125 0.1921875 0.0453125 0.07421875
2 0.8828125 0.3 0.046875 0.07109375
2 0.71484375 0.4140625 0.0421875 0.06875
2 0.71484375 0.534375 0.04296875 0.07109375
2 0.69375 0.6734375 0.0421875 0.0734375
2 0.440625 0.6640625 0.0421875 0.0734375
2 0.4015625 0.47734375 0.0390625 0.06640625
2 0.28203125 0.2953125 0.04296875 0.07109375
2 0.15703125 0.178125 0.04296875 0.07109375
2 0.26328125 0.559375 0.04375 0.0734375
2 0.1421875 0.49453125 0.04609375 0.06875
2 0.13828125 0.81484375 0.0421875 0.0703125
2 0.60859375 0.484375 0.04375 0.07109375