1 0.0375 0.16875 0.07421875 0.14375
1 0.065625 0.91875 0.0859375 0.1625
1 0.5015625 0.90390625 0.078125 0.1328125
1 0.4609375 0.14453125 0.07734375 0.146875
1 0.94765625 0.88984375 0.09453125 0.1578125
1 0.9 0.1453125 0.0953125 0.14375
2 0.41875 0.3265625 0.040625 0.07734375
2 0.5765625 0.1984375 0.04296875 0.0703125
2 0.71171875 0.69921875 0.04296875 0.0703125
2 0.79453125 0.725 0.046875 0.071875
2 0.43828125 0.709375 0.04296875 0.07421875
2 0.5359375 0.6328125 0.040625 0.0671875
2 0.52265625 0.446875 0.0421875 0.0703125
2 0.39140625 0.4828125 0.03984375 0.071875
2 0.425 0.5875 0.0375 0.0671875
2 0.171875 0.578125 0.0421875 0.06875
2 0.14375 0.69375 0.046875 0.075
2 0.1828125 0.7390625 0.03828125 0.06953125
2 0.1125 0.7234375 0.0421875 0.06953125
2 0.26640625 0.521875 0.0453125 0.0703125
2 0.31875 0.37734375 0.0453125 0.07734375
0 0.42421875 0.65 0.04375 0.071875