1 0.04609375 0.14453125 0.08671875 0.140625
1 0.04375 0.896875 0.078125 0.16015625
1 0.48125 0.90546875 0.07109375 0.1296875
1 0.4796875 0.146875 0.06953125 0.14453125
1 0.928125 0.9171875 0.08671875 0.1546875
1 0.91953125 0.17265625 0.0890625 0.1390625
2 0.428125 0.325 0.0375 0.075
2 0.59296875 0.20625 0.0390625 0.06875
2 0.7015625 0.7140625 0.0390625 0.06875
2 0.7828125 0.74453125 0.04296875 0.0703125
2 0.428125 0.7078125 0.0390625 0.071875
2 0.5296875 0.6375 0.03828125 0.065625
2 0.5265625 0.45078125 0.03828125 0.06875
2 0.39296875 0.47890625 0.0375 0.0703125
2 0.42109375 0.58515625 0.0328125 0.065625
2 0.16875 0.56171875 0.0390625 0.065625
2 0.134375 0.675 0.04296875 0.0734375
2 0.17109375 0.72265625 0.03515625 0.0671875
2 0.10078125 0.70234375 0.03828125 0.0671875
2 0.265625 0.51171875 0.040625 0.0671875
2 0.32578125 0.3703125 0.040625 0.075
0 0.4171875 0.64765625 0.040625 0.0703125