1 0.9546875 0.14375 0.0859375 0.1390625
1 0.9609375 0.89453125 0.078125 0.1578125
1 0.52421875 0.89453125 0.0703125 0.128125
1 0.52109375 0.13515625 0.06953125 0.1421875
1 0.07734375 0.8953125 0.0859375 0.15234375
1 0.08125 0.15078125 0.0875 0.1375
2 0.5734375 0.31484375 0.03828125 0.07421875
2 0.4078125 0.19296875 0.0390625 0.0671875
2 0.30234375 0.69765625 0.0390625 0.0671875
2 0.22109375 0.7265625 0.04375 0.06953125
2 0.57578125 0.69765625 0.0390625 0.07109375
2 0.4734375 0.625 0.03828125 0.065625
2 0.47578125 0.43828125 0.03828125 0.0671875
2 0.61015625 0.46953125 0.0375 0.06953125
2 0.5828125 0.57578125 0.034375 0.065625
2 0.83515625 0.5578125 0.0390625 0.065625
2 0.86953125 0.67265625 0.04375 0.071875
2 0.8328125 0.71875 0.03515625 0.0671875
2 0.903125 0.7 0.03828125 0.0671875
2 0.7375 0.50546875 0.0421875 0.0671875
2 0.6765625 0.3625 0.0421875 0.07421875
0 0.58671875 0.63828125 0.040625 0.06953125