0 0.51484375 0.38203125 0.03984375 0.07109375
1 0.06796875 0.1296875 0.0921875 0.165625
1 0.50625 0.115625 0.0625 0.14453125
1 0.9453125 0.11484375 0.09375 0.16328125
1 0.95234375 0.86796875 0.09453125 0.159375
1 0.5125 0.88359375 0.0609375 0.15
1 0.06875 0.8890625 0.08984375 0.159375
2 0.12578125 0.3578125 0.04375 0.071875
2 0.2234375 0.2234375 0.04375 0.07421875
2 0.3453125 0.325 0.040625 0.071875
2 0.4046875 0.465625 0.03828125 0.06875
2 0.440625 0.5875 0.03984375 0.06953125
2 0.346875 0.69140625 0.040625 0.0734375
2 0.171875 0.73515625 0.03984375 0.06953125
2 0.58671875 0.5390625 0.0390625 0.071875
2 0.63203125 0.45390625 0.0390625 0.0734375
2 0.6078125 0.20703125 0.03828125 0.06953125
2 0.76015625 0.190625 0.04375 0.075
2 0.89765625 0.3234375 0.0390625 0.0640625
2 0.78359375 0.38046875 0.03984375 0.071875
2 0.7140625 0.65078125 0.040625 0.0703125
2 0.81171875 0.81015625 0.0359375 0.06875