0 0.50859375 0.39375 0.0421875 0.0734375
1 0.06015625 0.1390625 0.0953125 0.16875
1 0.4984375 0.12734375 0.0671875 0.14765625
1 0.93671875 0.12890625 0.0984375 0.1671875
1 0.94453125 0.88203125 0.09296875 0.16328125
1 0.50859375 0.8953125 0.0640625 0.15234375
1 0.065625 0.89765625 0.09375 0.16328125
2 0.11875 0.36640625 0.04609375 0.07421875
2 0.215625 0.2328125 0.04609375 0.0765625
2 0.3390625 0.3359375 0.04296875 0.07421875
2 0.39921875 0.4765625 0.03984375 0.0703125
2 0.4359375 0.5984375 0.0421875 0.07109375
2 0.3421875 0.70234375 0.04296875 0.075
2 0.1671875 0.74453125 0.0421875 0.07109375
2 0.58125 0.5515625 0.040625 0.07421875
2 0.62578125 0.46640625 0.040625 0.075
2 0.6 0.21953125 0.03984375 0.07109375
2 0.753125 0.20390625 0.04609375 0.07734375
2 0.890625 0.3375 0.040625 0.065625
2 0.77734375 0.39375 0.0421875 0.07421875
2 0.709375 0.66328125 0.04296875 0.071875
2 0.8078125 0.8234375 0.03828125 0.0703125