0 0.5078125 0.38203125 0.04296875 0.071875
1 0.07109375 0.12265625 0.09765625 0.1671875
1 0.51015625 0.115625 0.06875 0.1453125
1 0.9484375 0.12265625 0.10078125 0.16484375
1 0.925 0.87578125 0.1015625 0.1609375
1 0.48515625 0.88359375 0.06640625 0.1515625
1 0.04453125 0.88125 0.0890625 0.1609375
2 0.1203125 0.35078125 0.046875 0.0734375
2 0.2234375 0.21796875 0.046875 0.075
2 0.34140625 0.32265625 0.04375 0.0734375
2 0.39453125 0.4640625 0.040625 0.06953125
2 0.42578125 0.58671875 0.04296875 0.0703125
2 0.32734375 0.68828125 0.04375 0.07421875
2 0.15078125 0.72890625 0.04296875 0.0703125
2 0.5734375 0.540625 0.0421875 0.0734375
2 0.62265625 0.45625 0.0421875 0.07421875
2 0.6078125 0.209375 0.040625 0.0703125
2 0.7609375 0.19453125 0.046875 0.0765625
2 0.8921875 0.33046875 0.0421875 0.0640625
2 0.7765625 0.38515625 0.04296875 0.0734375
2 0.696875 0.6546875 0.04375 0.07109375
2 0.7875 0.815625 0.0390625 0.06953125