0 0.61328125 0.18125 0.04296875 0.07421875
1 0.07890625 0.11640625 0.1 0.1703125
1 0.5203125 0.1234375 0.07109375 0.14765625
1 0.9515625 0.140625 0.09453125 0.165625
1 0.925 0.896875 0.10078125 0.15703125
1 0.4828125 0.89140625 0.06875 0.14921875
1 0.0453125 0.87265625 0.090625 0.1671875
2 0.1296875 0.3484375 0.046875 0.075
2 0.09140625 0.58984375 0.046875 0.0734375
2 0.6859375 0.17265625 0.0453125 0.07734375
2 0.4265625 0.45390625 0.040625 0.06875
2 0.2453125 0.1625 0.0453125 0.0734375
2 0.32109375 0.834375 0.04375 0.07734375
2 0.1546875 0.83515625 0.04375 0.07421875
2 0.6453125 0.5984375 0.04375 0.06953125
2 0.7875 0.7203125 0.04296875 0.071875
2 0.4078125 0.17578125 0.04375 0.07734375
2 0.8125 0.17890625 0.04609375 0.07734375
2 0.9 0.3484375 0.04609375 0.071875
2 0.91953125 0.5734375 0.04375 0.071875
2 0.675 0.846875 0.0453125 0.0765625
2 0.84453125 0.8515625 0.04296875 0.07109375