0 0.6046875 0.1703125 0.0390625 0.071875
1 0.06796875 0.1296875 0.0921875 0.165625
1 0.50859375 0.11640625 0.06328125 0.14453125
1 0.9453125 0.1140625 0.09375 0.1625
1 0.953125 0.8703125 0.09375 0.153125
1 0.5125 0.88515625 0.0609375 0.146875
1 0.06953125 0.8875 0.090625 0.16328125
2 0.13046875 0.359375 0.04375 0.071875
2 0.1046875 0.60234375 0.04375 0.0703125
2 0.6765625 0.15859375 0.040625 0.075
2 0.4328125 0.4515625 0.03828125 0.0671875
2 0.23671875 0.16796875 0.040625 0.07109375
2 0.346875 0.83515625 0.040625 0.075
2 0.18046875 0.84453125 0.040625 0.071875
2 0.6578125 0.58515625 0.040625 0.0671875
2 0.80625 0.7 0.03984375 0.0703125
2 0.39921875 0.17421875 0.03984375 0.075
2 0.80390625 0.15859375 0.04296875 0.075
2 0.9 0.3234375 0.04296875 0.0703125
2 0.93125 0.54765625 0.040625 0.0703125
2 0.7015625 0.8328125 0.040625 0.07421875
2 0.8703125 0.82890625 0.03984375 0.06953125