0 0.4046875 0.16484375 0.04296875 0.0734375
1 0.94375 0.13984375 0.0984375 0.1703125
1 0.503125 0.1140625 0.0703125 0.146875
1 0.0671875 0.0984375 0.1015625 0.165625
1 0.03671875 0.8546875 0.0734375 0.15625
1 0.4640625 0.88203125 0.0671875 0.1484375
1 0.90703125 0.896875 0.0984375 0.1671875
2 0.8703125 0.36796875 0.046875 0.07421875
2 0.88359375 0.6109375 0.046875 0.071875
2 0.33359375 0.15078125 0.0453125 0.0765625
2 0.56328125 0.45 0.040625 0.06875
2 0.77265625 0.17265625 0.0453125 0.071875
2 0.63125 0.83671875 0.04375 0.0765625
2 0.79765625 0.85 0.04375 0.0734375
2 0.33203125 0.578125 0.04375 0.06875
2 0.17890625 0.68828125 0.04296875 0.07109375
2 0.61015625 0.175 0.04375 0.0765625
2 0.20625 0.14765625 0.04609375 0.0765625
2 0.103125 0.309375 0.04609375 0.07109375
2 0.0609375 0.53203125 0.04375 0.07109375
2 0.27734375 0.8234375 0.0453125 0.075
2 0.10859375 0.815625 0.04296875 0.0703125