0 0.66484375 0.52265625 0.0421875 0.0734375
1 0.91484375 0.13515625 0.096875 0.17109375
1 0.465625 0.134375 0.07109375 0.153125
1 0.0359375 0.14375 0.071875 0.1671875
1 0.05234375 0.9171875 0.08125 0.165625
1 0.49140625 0.921875 0.0703125 0.15625
1 0.94609375 0.9109375 0.1046875 0.17109375
2 0.6765625 0.46640625 0.040625 0.071875
2 0.70078125 0.51484375 0.04375 0.07421875
2 0.5984375 0.48984375 0.03984375 0.06953125
2 0.61484375 0.60859375 0.040625 0.06953125
2 0.646875 0.4296875 0.0421875 0.06953125
2 0.65078125 0.609375 0.0421875 0.0703125
2 0.68125 0.58125 0.040625 0.06953125
2 0.56875 0.58359375 0.0421875 0.07109375
2 0.634375 0.55390625 0.0421875 0.07109375
2 0.6109375 0.43203125 0.0421875 0.0734375
2 0.6 0.55 0.03984375 0.06953125
2 0.63359375 0.48984375 0.03984375 0.071875
2 0.08046875 0.515625 0.04609375 0.06875
2 0.56796875 0.5140625 0.04296875 0.075
2 0.25078125 0.34765625 0.0421875 0.0703125