0 0.6609375 0.5375 0.04296875 0.07421875
1 0.9453125 0.1734375 0.10078125 0.171875
1 0.4984375 0.13359375 0.07421875 0.1546875
1 0.0609375 0.10546875 0.090625 0.16875
1 0.02734375 0.8765625 0.0546875 0.16875
1 0.45 0.9203125 0.0734375 0.159375
1 0.903125 0.9296875 0.109375 0.140625
2 0.6765625 0.48203125 0.04296875 0.0734375
2 0.696875 0.53203125 0.0453125 0.075
2 0.596875 0.4984375 0.0421875 0.0703125
2 0.60234375 0.61796875 0.0421875 0.0703125
2 0.65078125 0.44296875 0.04296875 0.0703125
2 0.63828125 0.62265625 0.04296875 0.07109375
2 0.67109375 0.596875 0.04296875 0.06953125
2 0.559375 0.5890625 0.04375 0.071875
2 0.6265625 0.565625 0.04296875 0.071875
2 0.61484375 0.4421875 0.04296875 0.07421875
2 0.5921875 0.5578125 0.040625 0.0703125
2 0.63125 0.5015625 0.0421875 0.0734375
2 0.078125 0.47890625 0.046875 0.06953125
2 0.5640625 0.5203125 0.04375 0.0765625
2 0.26328125 0.3265625 0.04375 0.07109375