0 0.33515625 0.5171875 0.03984375 0.07109375
1 0.071875 0.13359375 0.0921875 0.165625
1 0.52109375 0.125 0.06640625 0.15
1 0.95859375 0.128125 0.08203125 0.16328125
1 0.96171875 0.9015625 0.0765625 0.1640625
1 0.52265625 0.915625 0.0640625 0.15625
1 0.06875 0.909375 0.1 0.165625
2 0.321875 0.4609375 0.0390625 0.0703125
2 0.29921875 0.509375 0.040625 0.071875
2 0.4015625 0.4828125 0.03828125 0.0671875
2 0.3890625 0.6015625 0.0390625 0.0671875
2 0.35078125 0.4234375 0.03984375 0.0671875
2 0.35234375 0.603125 0.03984375 0.06875
2 0.32109375 0.57578125 0.0390625 0.0671875
2 0.43359375 0.5765625 0.03984375 0.06953125
2 0.36640625 0.54765625 0.03984375 0.06953125
2 0.38671875 0.425 0.0390625 0.07109375
2 0.4015625 0.54296875 0.03828125 0.0671875
2 0.36640625 0.48359375 0.03828125 0.0703125
2 0.91953125 0.49921875 0.04375 0.06640625
2 0.43203125 0.50703125 0.040625 0.0734375
2 0.74375 0.334375 0.03984375 0.06875