0 0.52421875 0.44609375 0.0421875 0.07109375
1 0.08125 0.1125 0.10078125 0.15703125
1 0.5203125 0.1125 0.07421875 0.1546875
1 0.95390625 0.11953125 0.0921875 0.16484375
1 0.928125 0.86875 0.103125 0.1640625
1 0.4890625 0.87890625 0.071875 0.15234375
1 0.05 0.865625 0.1 0.16875
2 0.3859375 0.5140625 0.040625 0.06875
2 0.115625 0.30078125 0.04609375 0.07421875
2 0.253125 0.20859375 0.04296875 0.07421875
2 0.409375 0.16640625 0.0421875 0.06953125
2 0.62578125 0.428125 0.0421875 0.06875
2 0.71484375 0.47265625 0.04375 0.0703125
2 0.825 0.49296875 0.04296875 0.07109375
2 0.8953125 0.3109375 0.0453125 0.07109375
2 0.81328125 0.22109375 0.04609375 0.0734375
2 0.7828125 0.7 0.04609375 0.0765625
2 0.54375 0.640625 0.0421875 0.0703125
2 0.3265625 0.82578125 0.04375 0.078125
2 0.184375 0.82265625 0.04375 0.0734375
2 0.16328125 0.57890625 0.0453125 0.07109375
2 0.475 0.27109375 0.0421875 0.071875