0 0.528125 0.4515625 0.0390625 0.0703125
1 0.06953125 0.128125 0.09375 0.153125
1 0.50859375 0.11796875 0.0671875 0.1515625
1 0.94765625 0.115625 0.09453125 0.1609375
1 0.9515625 0.8640625 0.0953125 0.16015625
1 0.51328125 0.884375 0.065625 0.14921875
1 0.07265625 0.88203125 0.09453125 0.16484375
2 0.3921875 0.52265625 0.03828125 0.0671875
2 0.11171875 0.315625 0.0421875 0.071875
2 0.24609375 0.2203125 0.0390625 0.071875
2 0.4 0.175 0.0390625 0.06875
2 0.628125 0.43046875 0.0390625 0.0671875
2 0.71953125 0.4734375 0.040625 0.06875
2 0.83125 0.49140625 0.03984375 0.06953125
2 0.8921875 0.30703125 0.0421875 0.06953125
2 0.80546875 0.21953125 0.0421875 0.07109375
2 0.7984375 0.69921875 0.04296875 0.07421875
2 0.55625 0.6453125 0.0390625 0.06953125
2 0.34765625 0.83515625 0.03984375 0.0765625
2 0.20546875 0.83515625 0.040625 0.07109375
2 0.1734375 0.5921875 0.0421875 0.06953125
2 0.4703125 0.27734375 0.0390625 0.07109375