0 0.47734375 0.4484375 0.03984375 0.0703125
1 0.93203125 0.1234375 0.0953125 0.153125
1 0.49296875 0.115625 0.06953125 0.15
1 0.05390625 0.115625 0.096875 0.1625
1 0.059375 0.8640625 0.09765625 0.1609375
1 0.496875 0.88203125 0.06640625 0.1484375
1 0.9375 0.8765625 0.0953125 0.165625
2 0.61328125 0.51875 0.03828125 0.06640625
2 0.8921875 0.3109375 0.04296875 0.071875
2 0.75625 0.215625 0.03984375 0.071875
2 0.60234375 0.17109375 0.03984375 0.06875
2 0.3765625 0.42890625 0.03984375 0.06640625
2 0.2859375 0.471875 0.0421875 0.06875
2 0.175 0.490625 0.040625 0.06953125
2 0.1109375 0.30625 0.0421875 0.06953125
2 0.196875 0.21875 0.04296875 0.07109375
2 0.209375 0.6984375 0.04375 0.07421875
2 0.4515625 0.6421875 0.03984375 0.06953125
2 0.6625 0.83125 0.040625 0.0765625
2 0.80390625 0.83125 0.0421875 0.07109375
2 0.83359375 0.5875 0.0421875 0.06953125
2 0.5328125 0.27421875 0.03984375 0.07109375