0 0.4328125 0.50859375 0.0453125 0.07421875
1 0.05078125 0.16328125 0.1015625 0.16328125
1 0.49375 0.1234375 0.0796875 0.1515625
1 0.93046875 0.09296875 0.096875 0.17578125
1 0.9625 0.859375 0.05546875 0.171875
1 0.540625 0.90546875 0.07734375 0.16015625
1 0.08515625 0.925 0.1140625 0.15
2 0.228125 0.7484375 0.05 0.07890625
2 0.30859375 0.7078125 0.0453125 0.0734375
2 0.44609375 0.56796875 0.0453125 0.071875
2 0.45390625 0.4625 0.0453125 0.07109375
2 0.38671875 0.19609375 0.046875 0.0765625
2 0.559375 0.30546875 0.04609375 0.07734375
2 0.6625 0.3453125 0.04765625 0.07421875
2 0.6765625 0.421875 0.04765625 0.0765625
2 0.65859375 0.4890625 0.046875 0.075
2 0.78046875 0.28828125 0.046875 0.0734375
2 0.78984375 0.56171875 0.0484375 0.0734375
2 0.79453125 0.65078125 0.04765625 0.07421875
2 0.82734375 0.6234375 0.05 0.078125
2 0.8625 0.64296875 0.04765625 0.075
2 0.83515625 0.69453125 0.04765625 0.06875