0 0.43828125 0.50703125 0.03984375 0.07109375
1 0.075 0.13359375 0.09453125 0.15625
1 0.52109375 0.1265625 0.06875 0.14765625
1 0.9578125 0.1296875 0.0828125 0.1703125
1 0.9625 0.8984375 0.075 0.16796875
1 0.52265625 0.91171875 0.0640625 0.15625
1 0.0671875 0.90703125 0.1015625 0.16484375
2 0.2203125 0.73125 0.04375 0.07734375
2 0.303125 0.69609375 0.03984375 0.0703125
2 0.4484375 0.5671875 0.03984375 0.06953125
2 0.46171875 0.46171875 0.0390625 0.06875
2 0.4109375 0.1921875 0.040625 0.0734375
2 0.57578125 0.3140625 0.03984375 0.07421875
2 0.6765625 0.3609375 0.0421875 0.07109375
2 0.68671875 0.43828125 0.0421875 0.0734375
2 0.66484375 0.5046875 0.040625 0.071875
2 0.79765625 0.31328125 0.040625 0.0703125
2 0.790625 0.58671875 0.04375 0.0703125
2 0.790625 0.6765625 0.0421875 0.07109375
2 0.825 0.6515625 0.04375 0.075
2 0.85859375 0.6734375 0.0421875 0.071875
2 0.82890625 0.72265625 0.0421875 0.06640625