0 0.559375 0.50234375 0.04375 0.07421875
1 0.89765625 0.1046875 0.10546875 0.1625
1 0.45234375 0.12890625 0.07890625 0.1515625
1 0.03203125 0.1625 0.0640625 0.175
1 0.0609375 0.921875 0.08671875 0.15625
1 0.50078125 0.9125 0.0765625 0.16015625
1 0.946875 0.87578125 0.09765625 0.171875
2 0.790625 0.7109375 0.0484375 0.07890625
2 0.70625 0.68203125 0.04375 0.0734375
2 0.553125 0.56328125 0.04375 0.071875
2 0.5328125 0.459375 0.04375 0.07109375
2 0.5671875 0.18671875 0.04609375 0.0765625
2 0.409375 0.31953125 0.0453125 0.07734375
2 0.3125 0.3734375 0.046875 0.07421875
2 0.30703125 0.4515625 0.046875 0.0765625
2 0.3328125 0.515625 0.04609375 0.075
2 0.18828125 0.334375 0.04609375 0.0734375
2 0.2125 0.60703125 0.04765625 0.0734375
2 0.21875 0.69609375 0.046875 0.07421875
2 0.1828125 0.6734375 0.0484375 0.078125
2 0.15 0.69765625 0.046875 0.075
2 0.1828125 0.7453125 0.046875 0.06875