0 0.66484375 0.584375 0.0453125 0.0734375
1 0.05546875 0.1546875 0.0859375 0.128125
1 0.48515625 0.11953125 0.084375 0.11015625
1 0.9234375 0.0796875 0.09296875 0.1265625
1 0.97421875 0.82265625 0.0515625 0.14921875
1 0.55 0.859375 0.0765625 0.134375
1 0.10234375 0.896875 0.09453125 0.1453125
2 0.659375 0.22734375 0.04296875 0.06875
2 0.8640625 0.33515625 0.0453125 0.0625
2 0.69453125 0.2171875 0.04609375 0.07109375
2 0.8453125 0.26953125 0.046875 0.0703125
2 0.884375 0.4671875 0.04765625 0.06953125
2 0.92421875 0.52265625 0.05 0.07734375
2 0.81953125 0.496875 0.04765625 0.07421875
2 0.6375 0.52265625 0.0421875 0.06640625
2 0.6109375 0.57109375 0.0453125 0.071875
2 0.51875 0.51953125 0.0421875 0.06640625
2 0.4890625 0.44375 0.04296875 0.07109375
2 0.4609375 0.5609375 0.04375 0.07109375
2 0.4125 0.54765625 0.04296875 0.07109375
2 0.35390625 0.53359375 0.04375 0.07421875