0 0.3390625 0.6046875 0.04296875 0.0703125
1 0.90546875 0.1 0.08203125 0.12578125
1 0.4734375 0.1203125 0.08203125 0.10859375
1 0.0390625 0.1359375 0.078125 0.12421875
1 0.03828125 0.88125 0.0765625 0.146875
1 0.478125 0.8625 0.071875 0.1328125
1 0.928125 0.8421875 0.090625 0.1421875
2 0.3109375 0.24921875 0.0421875 0.06640625
2 0.11640625 0.3828125 0.04296875 0.06171875
2 0.27421875 0.24296875 0.0453125 0.06953125
2 0.12890625 0.31484375 0.04609375 0.06953125
2 0.10859375 0.51484375 0.046875 0.06875
2 0.07421875 0.5765625 0.04765625 0.0765625
2 0.175 0.53671875 0.04609375 0.071875
2 0.36015625 0.53984375 0.040625 0.065625
2 0.390625 0.58359375 0.04375 0.0703125
2 0.478125 0.52109375 0.040625 0.065625
2 0.50078125 0.4421875 0.040625 0.06953125
2 0.53828125 0.55390625 0.04296875 0.06875
2 0.58671875 0.53515625 0.040625 0.06953125
2 0.64375 0.5140625 0.04296875 0.07109375