0 0.65078125 0.603125 0.0390625 0.06953125
1 0.07890625 0.125 0.075 0.121875
1 0.51015625 0.12578125 0.0765625 0.1046875
1 0.95 0.12109375 0.0828125 0.12109375
1 0.9578125 0.8671875 0.075 0.14375
1 0.51484375 0.86796875 0.065625 0.1296875
1 0.06484375 0.86875 0.084375 0.1390625
2 0.67421875 0.246875 0.03828125 0.065625
2 0.8703125 0.37109375 0.03984375 0.059375
2 0.7109375 0.2390625 0.040625 0.0671875
2 0.85703125 0.30390625 0.0421875 0.0671875
2 0.8796875 0.503125 0.04296875 0.06640625
2 0.91484375 0.5625 0.04375 0.0734375
2 0.81328125 0.528125 0.0421875 0.0703125
2 0.62890625 0.53984375 0.0375 0.0640625
2 0.5984375 0.58515625 0.03984375 0.06875
2 0.5109375 0.5265625 0.0375 0.0640625
2 0.4875 0.4484375 0.0375 0.06875
2 0.45 0.5625 0.0390625 0.0671875
2 0.40234375 0.5453125 0.0375 0.06875
2 0.3453125 0.5265625 0.0390625 0.0703125