0 0.8015625 0.7265625 0.046875 0.075
1 0.0453125 0.13984375 0.090625 0.16328125
1 0.48203125 0.10078125 0.08203125 0.15546875
1 0.9234375 0.08203125 0.1046875 0.1546875
1 0.96328125 0.83828125 0.0640625 0.17265625
1 0.5375 0.8828125 0.0734375 0.15703125
1 0.08125 0.9109375 0.11015625 0.178125
2 0.646875 0.37421875 0.04609375 0.075
2 0.7625 0.58515625 0.0453125 0.0765625
2 0.6828125 0.38984375 0.04609375 0.07421875
2 0.68125 0.45390625 0.046875 0.0734375
2 0.7265625 0.59296875 0.04609375 0.07421875
2 0.828125 0.36015625 0.04609375 0.0765625
2 0.8265625 0.68515625 0.0484375 0.07734375
2 0.6203125 0.61875 0.0453125 0.075
2 0.5859375 0.63359375 0.04296875 0.06875
2 0.5953125 0.35859375 0.0453125 0.071875
2 0.5671875 0.31015625 0.0453125 0.0734375
2 0.4953125 0.3703125 0.04375 0.0765625
2 0.390625 0.3578125 0.04375 0.07421875
2 0.4578125 0.6296875 0.040625 0.0640625