0 0.18828125 0.734375 0.0453125 0.07421875
1 0.93828125 0.1 0.10078125 0.16015625
1 0.49375 0.0890625 0.07734375 0.153125
1 0.05234375 0.090625 0.1 0.16796875
1 0.0296875 0.85625 0.05859375 0.1703125
1 0.45625 0.8734375 0.06875 0.15546875
1 0.91328125 0.8734375 0.10546875 0.175
2 0.33515625 0.37265625 0.04375 0.07421875
2 0.225 0.590625 0.04296875 0.075
2 0.3 0.390625 0.04375 0.0734375
2 0.303125 0.45390625 0.04609375 0.071875
2 0.2609375 0.5953125 0.0453125 0.0734375
2 0.15390625 0.36953125 0.04375 0.075
2 0.16328125 0.69453125 0.046875 0.0765625
2 0.36796875 0.615625 0.04296875 0.07421875
2 0.40234375 0.6265625 0.0421875 0.0671875
2 0.3875 0.353125 0.04296875 0.07109375
2 0.4140625 0.303125 0.04296875 0.071875
2 0.48671875 0.35859375 0.0421875 0.075
2 0.59140625 0.3390625 0.0421875 0.0734375
2 0.53046875 0.61640625 0.0390625 0.06328125