0 0.78984375 0.74296875 0.0421875 0.071875
1 0.065625 0.10859375 0.09453125 0.15625
1 0.5109375 0.09765625 0.0703125 0.1515625
1 0.95234375 0.1 0.09296875 0.1640625
1 0.959375 0.865625 0.08125 0.16796875
1 0.51640625 0.88203125 0.0625 0.153125
1 0.059375 0.88203125 0.0984375 0.171875
2 0.6578125 0.38125 0.040625 0.071875
2 0.759375 0.6 0.03984375 0.0734375
2 0.69296875 0.39921875 0.040625 0.07109375
2 0.68671875 0.4625 0.04296875 0.0703125
2 0.7234375 0.60390625 0.0421875 0.07109375
2 0.8390625 0.378125 0.040625 0.0734375
2 0.8171875 0.70234375 0.04375 0.07421875
2 0.615625 0.62421875 0.03984375 0.071875
2 0.58046875 0.6359375 0.0390625 0.06640625
2 0.60703125 0.3625 0.03984375 0.06953125
2 0.58203125 0.31171875 0.03984375 0.0703125
2 0.50703125 0.3671875 0.0390625 0.0734375
2 0.403125 0.34765625 0.0390625 0.07109375
2 0.45234375 0.62421875 0.0375 0.0625