0 0.31328125 0.59453125 0.040625 0.07109375
1 0.06953125 0.1296875 0.09453125 0.1578125
1 0.50859375 0.11640625 0.06875 0.15
1 0.9484375 0.11796875 0.09375 0.165625
1 0.95234375 0.8671875 0.09453125 0.16796875
1 0.51484375 0.88828125 0.0625 0.15234375
1 0.06953125 0.8875 0.09375 0.165625
2 0.29375 0.70078125 0.040625 0.0703125
2 0.25234375 0.49140625 0.040625 0.0734375
2 0.2203125 0.28671875 0.040625 0.07109375
2 0.3234375 0.20234375 0.040625 0.0765625
2 0.10703125 0.42578125 0.0421875 0.06875
2 0.4625 0.35234375 0.0390625 0.0703125
2 0.38125 0.521875 0.0390625 0.0703125
2 0.4859375 0.6109375 0.0390625 0.07109375
2 0.6046875 0.44609375 0.0390625 0.07109375
2 0.61015625 0.26640625 0.0390625 0.0671875
2 0.77265625 0.32734375 0.04375 0.0734375
2 0.84296875 0.575 0.04375 0.071875
2 0.77109375 0.61640625 0.040625 0.0671875
2 0.62421875 0.70390625 0.03828125 0.0671875
2 0.690625 0.52265625 0.040625 0.0703125