0 0.30546875 0.584375 0.04296875 0.0734375
1 0.07421875 0.1203125 0.1 0.1625
1 0.5140625 0.1046875 0.071875 0.153125
1 0.9515625 0.103125 0.0953125 0.16875
1 0.9359375 0.853125 0.1 0.17109375
1 0.49765625 0.8765625 0.0671875 0.15546875
1 0.053125 0.87890625 0.09765625 0.16875
2 0.28203125 0.690625 0.04296875 0.071875
2 0.246875 0.48125 0.04296875 0.075
2 0.2203125 0.2765625 0.04296875 0.0734375
2 0.3265625 0.1921875 0.04296875 0.07734375
2 0.103125 0.41640625 0.04375 0.0703125
2 0.4609375 0.34140625 0.040625 0.071875
2 0.375 0.5109375 0.040625 0.071875
2 0.4765625 0.59921875 0.040625 0.0734375
2 0.60078125 0.43359375 0.040625 0.0734375
2 0.6109375 0.25390625 0.040625 0.06953125
2 0.771875 0.3140625 0.04609375 0.075
2 0.834375 0.56171875 0.04609375 0.07421875
2 0.76171875 0.603125 0.04296875 0.06953125
2 0.6125 0.690625 0.03984375 0.06875
2 0.68359375 0.51015625 0.04296875 0.071875