0 0.321875 0.596875 0.04296875 0.0734375
1 0.07734375 0.1234375 0.10078125 0.1625
1 0.5171875 0.12578125 0.0734375 0.15234375
1 0.953125 0.1421875 0.09375 0.16875
1 0.95546875 0.89140625 0.0890625 0.17109375
1 0.5234375 0.896875 0.06875 0.1546875
1 0.078125 0.88125 0.0984375 0.16875
2 0.30234375 0.70234375 0.04296875 0.071875
2 0.2609375 0.49140625 0.04296875 0.075
2 0.22890625 0.2859375 0.04296875 0.0734375
2 0.3328125 0.20546875 0.04296875 0.07734375
2 0.115625 0.42109375 0.04375 0.0703125
2 0.47109375 0.36015625 0.040625 0.071875
2 0.38984375 0.5265625 0.040625 0.071875
2 0.49453125 0.61875 0.040625 0.0734375
2 0.6140625 0.45859375 0.040625 0.0734375
2 0.61875 0.27890625 0.040625 0.06953125
2 0.78125 0.3453125 0.04609375 0.075
2 0.8515625 0.5953125 0.04609375 0.07421875
2 0.7796875 0.634375 0.04296875 0.06953125
2 0.6328125 0.71640625 0.03984375 0.06875
2 0.69921875 0.53828125 0.04296875 0.071875