0 0.30859375 0.6578125 0.0453125 0.07421875
1 0.9109375 0.1109375 0.10234375 0.1546875
1 0.471875 0.1375 0.078125 0.125
1 0.04140625 0.1421875 0.0828125 0.1703125
1 0.06171875 0.89765625 0.10234375 0.1609375
1 0.5015625 0.88671875 0.071875 0.15625
1 0.94375 0.86640625 0.09765625 0.17578125
2 0.24921875 0.81875 0.04296875 0.075
2 0.146875 0.6921875 0.04375 0.0703125
2 0.0921875 0.34609375 0.0453125 0.0734375
2 0.21484375 0.3203125 0.04609375 0.0734375
2 0.33984375 0.2890625 0.04296875 0.075
2 0.4078125 0.3546875 0.04296875 0.07109375
2 0.3296875 0.521875 0.04296875 0.07109375
2 0.43359375 0.68828125 0.04296875 0.075
2 0.52421875 0.49921875 0.0421875 0.07109375
2 0.61171875 0.55859375 0.040625 0.06875
2 0.68984375 0.7625 0.0453125 0.078125
2 0.74296875 0.48125 0.0453125 0.07421875
2 0.7078125 0.2234375 0.04375 0.075
2 0.78828125 0.33671875 0.04375 0.071875
2 0.840625 0.67109375 0.04375 0.071875