0 0.7078125 0.634375 0.0453125 0.0734375
1 0.05703125 0.1421875 0.10078125 0.153125
1 0.496875 0.13125 0.0765625 0.1234375
1 0.934375 0.0984375 0.09765625 0.1703125
1 0.9625 0.85234375 0.075 0.16015625
1 0.5359375 0.88046875 0.0703125 0.15546875
1 0.0953125 0.8984375 0.0953125 0.175
2 0.78203125 0.790625 0.04296875 0.07421875
2 0.871875 0.6546875 0.04375 0.06953125
2 0.89453125 0.30546875 0.0453125 0.071875
2 0.7703125 0.290625 0.04609375 0.071875
2 0.64296875 0.2703125 0.04296875 0.07421875
2 0.58125 0.34140625 0.04296875 0.0703125
2 0.675 0.50078125 0.04296875 0.0703125
2 0.58671875 0.6765625 0.04296875 0.07421875
2 0.47890625 0.4953125 0.0421875 0.0703125
2 0.396875 0.5625 0.040625 0.06875
2 0.3375 0.77265625 0.0453125 0.07734375
2 0.25859375 0.496875 0.0453125 0.0734375
2 0.2703125 0.2375 0.04375 0.07421875
2 0.2015625 0.3578125 0.04296875 0.07109375
2 0.1796875 0.69453125 0.04296875 0.07109375