0 0.6953125 0.6453125 0.0421875 0.071875
1 0.06875 0.12734375 0.09375 0.14921875
1 0.5078125 0.13359375 0.07109375 0.12109375
1 0.946875 0.11875 0.090625 0.165625
1 0.95234375 0.87421875 0.09375 0.15625
1 0.5125 0.88359375 0.06328125 0.153125
1 0.07109375 0.884375 0.0875 0.17109375
2 0.7625 0.80390625 0.03984375 0.0734375
2 0.85859375 0.67265625 0.040625 0.06875
2 0.89765625 0.325 0.0421875 0.07109375
2 0.7734375 0.30390625 0.04296875 0.07109375
2 0.64765625 0.2796875 0.03984375 0.0734375
2 0.5828125 0.34765625 0.03984375 0.06953125
2 0.66875 0.5109375 0.03984375 0.06953125
2 0.571875 0.68203125 0.0390625 0.0734375
2 0.4734375 0.49765625 0.0390625 0.06953125
2 0.3875 0.5609375 0.03828125 0.0671875
2 0.31953125 0.76875 0.040625 0.0765625
2 0.253125 0.48984375 0.0421875 0.071875
2 0.2765625 0.23125 0.03984375 0.0734375
2 0.2015625 0.3484375 0.03984375 0.0703125
2 0.16484375 0.684375 0.03984375 0.0703125