0 0.5984375 0.55 0.04375 0.0734375
1 0.09296875 0.09765625 0.10625 0.16328125
1 0.5328125 0.1140625 0.08203125 0.15234375
1 0.95625 0.146875 0.08515625 0.16796875
1 0.9078125 0.8953125 0.1078125 0.16875
1 0.46875 0.88203125 0.07890625 0.15703125
1 0.040625 0.8546875 0.08125 0.171875
2 0.5828125 0.41015625 0.04296875 0.06875
2 0.74296875 0.715625 0.046875 0.07734375
2 0.7015625 0.54765625 0.04375 0.06953125
2 0.83671875 0.48671875 0.04765625 0.075
2 0.7046875 0.39921875 0.04609375 0.07421875
2 0.68125 0.30703125 0.04375 0.07109375
2 0.61640625 0.25390625 0.04296875 0.0734375
2 0.5109375 0.28984375 0.0421875 0.07109375
2 0.34375 0.46328125 0.0453125 0.071875
2 0.34296875 0.66015625 0.04375 0.07421875
2 0.353125 0.278125 0.046875 0.075
2 0.2296875 0.2609375 0.04609375 0.07421875
2 0.22734375 0.396875 0.046875 0.06875
2 0.2203125 0.5515625 0.04609375 0.07421875
2 0.1953125 0.76171875 0.046875 0.07734375