0 0.61171875 0.5453125 0.0390625 0.0703125
1 0.06875 0.12734375 0.09375 0.15625
1 0.50859375 0.115625 0.06953125 0.1484375
1 0.94453125 0.1203125 0.09296875 0.1625
1 0.95078125 0.8703125 0.09375 0.1625
1 0.5109375 0.884375 0.065625 0.153125
1 0.06875 0.8875 0.09453125 0.16484375
2 0.584375 0.4078125 0.0375 0.06640625
2 0.7703125 0.7015625 0.040625 0.07421875
2 0.7140625 0.5375 0.03828125 0.0671875
2 0.84453125 0.46796875 0.0421875 0.071875
2 0.7046875 0.38828125 0.03984375 0.07109375
2 0.6734375 0.2984375 0.0390625 0.06875
2 0.603125 0.24921875 0.0375 0.07109375
2 0.50078125 0.2921875 0.0375 0.06953125
2 0.35 0.47578125 0.03984375 0.06953125
2 0.36640625 0.671875 0.03828125 0.07109375
2 0.34296875 0.28984375 0.040625 0.071875
2 0.21796875 0.28203125 0.03984375 0.07109375
2 0.228125 0.4171875 0.040625 0.06640625
2 0.23515625 0.571875 0.03984375 0.07109375
2 0.22734375 0.78203125 0.040625 0.07421875