0 0.61796875 0.5484375 0.03984375 0.0703125
1 0.06953125 0.128125 0.0953125 0.15703125
1 0.509375 0.11875 0.07109375 0.1484375
1 0.94609375 0.12578125 0.09375 0.16328125
1 0.95625 0.87578125 0.08671875 0.16328125
1 0.521875 0.8875 0.0671875 0.15234375
1 0.07890625 0.8875 0.096875 0.165625
2 0.5890625 0.4109375 0.03828125 0.06640625
2 0.77890625 0.70625 0.0421875 0.07421875
2 0.7203125 0.54140625 0.0390625 0.06640625
2 0.85 0.47265625 0.04296875 0.071875
2 0.709375 0.3921875 0.040625 0.07109375
2 0.6765625 0.30234375 0.03984375 0.06875
2 0.60625 0.253125 0.03828125 0.07109375
2 0.5046875 0.2953125 0.03828125 0.06953125
2 0.35546875 0.47734375 0.03984375 0.06953125
2 0.37421875 0.6734375 0.0390625 0.07109375
2 0.346875 0.2921875 0.0421875 0.071875
2 0.221875 0.2828125 0.040625 0.07109375
2 0.2328125 0.41875 0.0421875 0.06640625
2 0.24140625 0.5734375 0.040625 0.07109375
2 0.23671875 0.78359375 0.0421875 0.07421875