0 0.26640625 0.57265625 0.04296875 0.06953125
2 0.19140625 0.54609375 0.0453125 0.06953125
2 0.21015625 0.45234375 0.04375 0.06640625
2 0.15546875 0.37109375 0.0421875 0.0671875
2 0.1859375 0.29765625 0.04296875 0.0703125
2 0.2375 0.32890625 0.04296875 0.06875
2 0.4984375 0.20390625 0.0390625 0.0671875
2 0.42890625 0.5421875 0.040625 0.071875
2 0.3921875 0.5921875 0.040625 0.06875
2 0.34296875 0.4890625 0.040625 0.0671875
2 0.2921875 0.52734375 0.04296875 0.06875
2 0.23671875 0.62109375 0.04296875 0.0671875
2 0.5828125 0.4734375 0.0421875 0.06640625
2 0.5921875 0.34140625 0.04375 0.0734375
2 0.63359375 0.4734375 0.03984375 0.0640625
1 0.0515625 0.0921875 0.09765625 0.175
1 0.03515625 0.86015625 0.0703125 0.175
1 0.4625 0.87578125 0.07421875 0.159375
1 0.4953125 0.0921875 0.075 0.14921875
1 0.93671875 0.11015625 0.10546875 0.16875
1 0.9171875 0.87890625 0.1046875 0.1703125