0 0.71953125 0.571875 0.0421875 0.06875
2 0.7953125 0.54375 0.04375 0.06875
2 0.7796875 0.45078125 0.04296875 0.065625
2 0.8359375 0.36796875 0.040625 0.0671875
2 0.80625 0.2953125 0.0421875 0.06953125
2 0.7546875 0.32734375 0.0421875 0.0671875
2 0.496875 0.20625 0.03828125 0.0671875
2 0.5578125 0.54375 0.03984375 0.071875
2 0.59375 0.59375 0.03984375 0.06875
2 0.6453125 0.4890625 0.03984375 0.0671875
2 0.6953125 0.5265625 0.0421875 0.0671875
2 0.74921875 0.61953125 0.0421875 0.06640625
2 0.40625 0.478125 0.040625 0.06640625
2 0.4 0.3453125 0.04296875 0.071875
2 0.3546875 0.478125 0.0390625 0.0640625
1 0.946875 0.08671875 0.0953125 0.1734375
1 0.95234375 0.8546875 0.0859375 0.175
1 0.5171875 0.878125 0.071875 0.1578125
1 0.503125 0.09453125 0.0734375 0.1484375
1 0.0609375 0.1203125 0.103125 0.16875
1 0.06171875 0.8890625 0.10234375 0.1703125