0 0.721875 0.5796875 0.040625 0.0671875
2 0.79765625 0.55390625 0.04296875 0.0671875
2 0.7828125 0.46015625 0.0421875 0.065625
2 0.83984375 0.37890625 0.03984375 0.0671875
2 0.81171875 0.30546875 0.040625 0.06875
2 0.759375 0.3359375 0.040625 0.0671875
2 0.503125 0.209375 0.0375 0.0671875
2 0.5609375 0.54765625 0.0390625 0.07109375
2 0.5953125 0.5984375 0.0390625 0.0671875
2 0.64765625 0.4953125 0.0390625 0.0671875
2 0.69765625 0.534375 0.040625 0.0671875
2 0.75 0.628125 0.040625 0.06640625
2 0.409375 0.47890625 0.03984375 0.06640625
2 0.4046875 0.346875 0.0421875 0.07109375
2 0.35859375 0.478125 0.03828125 0.0640625
1 0.95390625 0.1 0.0921875 0.17265625
1 0.9546875 0.86875 0.0890625 0.17265625
1 0.51484375 0.88125 0.06953125 0.15703125
1 0.51015625 0.09765625 0.06953125 0.14765625
1 0.06796875 0.1125 0.10078125 0.1671875
1 0.0609375 0.88203125 0.1 0.16796875