0 0.2015625 0.709375 0.0421875 0.07109375
1 0.93125 0.1359375 0.08203125 0.14921875
1 0.503125 0.125 0.0765625 0.12421875
1 0.0671875 0.11796875 0.10078125 0.15
1 0.03671875 0.8484375 0.0734375 0.15
1 0.45859375 0.865625 0.07109375 0.1328125
1 0.89921875 0.8734375 0.1046875 0.15625
2 0.49453125 0.471875 0.0421875 0.07109375
2 0.346875 0.4390625 0.04375 0.0734375
2 0.28359375 0.665625 0.040625 0.0765625
2 0.1453125 0.54765625 0.0421875 0.06640625
2 0.2546875 0.4390625 0.04609375 0.078125
2 0.28828125 0.31171875 0.0453125 0.0671875
2 0.21171875 0.2234375 0.04296875 0.0671875
2 0.6609375 0.3390625 0.04375 0.071875
2 0.54609375 0.696875 0.0421875 0.065625
2 0.68359375 0.8390625 0.03984375 0.065625
2 0.88203125 0.77734375 0.04765625 0.0796875
2 0.76875 0.44375 0.0453125 0.0765625
2 0.77265625 0.20234375 0.04609375 0.0828125
2 0.846875 0.16328125 0.0453125 0.071875
2 0.89765625 0.303125 0.04375 0.0828125