0 0.7703125 0.75 0.04296875 0.071875
1 0.0984375 0.11640625 0.08203125 0.15
1 0.52734375 0.14375 0.07734375 0.12578125
1 0.95625 0.1734375 0.08671875 0.15234375
1 0.93046875 0.9046875 0.09296875 0.1515625
1 0.4984375 0.8828125 0.071875 0.13359375
1 0.0578125 0.85234375 0.10546875 0.15703125
2 0.5015625 0.48984375 0.0421875 0.071875
2 0.6515625 0.46953125 0.04375 0.07421875
2 0.69296875 0.7 0.040625 0.07734375
2 0.84296875 0.5953125 0.0421875 0.0671875
2 0.74453125 0.47734375 0.04609375 0.07890625
2 0.7234375 0.3484375 0.0453125 0.06875
2 0.80859375 0.2671875 0.04296875 0.06875
2 0.3484375 0.34296875 0.04375 0.0734375
2 0.42734375 0.7078125 0.0421875 0.06640625
2 0.2765625 0.83671875 0.03984375 0.065625
2 0.084375 0.75859375 0.0484375 0.08125
2 0.23046875 0.43671875 0.0453125 0.07734375
2 0.25 0.19765625 0.046875 0.084375
2 0.18046875 0.1515625 0.0453125 0.0734375
2 0.11640625 0.2859375 0.04375 0.084375