0 0.778125 0.72265625 0.0390625 0.06953125
1 0.078125 0.13671875 0.07421875 0.1453125
1 0.50703125 0.13359375 0.0703125 0.12109375
1 0.94453125 0.13359375 0.09296875 0.1453125
1 0.94453125 0.865625 0.084375 0.1453125
1 0.51328125 0.87421875 0.065625 0.1296875
1 0.071875 0.87421875 0.096875 0.1515625
2 0.49765625 0.48125 0.0390625 0.06953125
2 0.646875 0.45078125 0.040625 0.07109375
2 0.6984375 0.678125 0.03828125 0.07421875
2 0.84296875 0.5625 0.0390625 0.0640625
2 0.7390625 0.4515625 0.0421875 0.0765625
2 0.7125 0.32421875 0.0421875 0.065625
2 0.79375 0.2375 0.03984375 0.065625
2 0.3375 0.3453125 0.040625 0.0703125
2 0.434375 0.7046875 0.0390625 0.06328125
2 0.28984375 0.84375 0.0375 0.06328125
2 0.09453125 0.77890625 0.0453125 0.078125
2 0.225 0.446875 0.040625 0.07421875
2 0.23359375 0.20703125 0.04296875 0.08125
2 0.16171875 0.165625 0.0421875 0.0703125
2 0.10390625 0.30390625 0.03984375 0.08125