0 0.8984375 0.6453125 0.04375 0.0734375
1 0.0796875 0.1359375 0.078125 0.14375
1 0.51015625 0.13515625 0.0765625 0.12421875
1 0.94453125 0.13125 0.09296875 0.140625
1 0.9484375 0.865625 0.0921875 0.14765625
1 0.51484375 0.86796875 0.065625 0.1296875
1 0.07734375 0.871875 0.09375 0.1265625
2 0.1125 0.36640625 0.03984375 0.0734375
2 0.13203125 0.54609375 0.0390625 0.06953125
2 0.246875 0.8375 0.04375 0.07421875
2 0.478125 0.8515625 0.0375 0.07734375
2 0.3765625 0.59296875 0.040625 0.0671875
2 0.4203125 0.34140625 0.0421875 0.07734375
2 0.628125 0.36875 0.0421875 0.0671875
2 0.6453125 0.63515625 0.03515625 0.0671875
2 0.7453125 0.59453125 0.04375 0.06640625
2 0.78984375 0.32734375 0.0421875 0.07734375
2 0.75078125 0.16484375 0.040625 0.06953125
2 0.92734375 0.24375 0.0453125 0.071875
2 0.92265625 0.46953125 0.040625 0.07421875
2 0.765625 0.759375 0.04296875 0.071875
2 0.20390625 0.21640625 0.0421875 0.07109375