0 0.09765625 0.6453125 0.04375 0.0734375
1 0.91875 0.1359375 0.07890625 0.14375
1 0.4890625 0.13515625 0.07734375 0.12421875
1 0.0546875 0.13125 0.09375 0.140625
1 0.04609375 0.86484375 0.0921875 0.1484375
1 0.48046875 0.86796875 0.065625 0.12890625
1 0.9171875 0.871875 0.09453125 0.1265625
2 0.88515625 0.36640625 0.03984375 0.0734375
2 0.86484375 0.54609375 0.0390625 0.06953125
2 0.7484375 0.8375 0.04296875 0.07421875
2 0.5171875 0.8515625 0.0375 0.0765625
2 0.6203125 0.59296875 0.040625 0.0671875
2 0.578125 0.34140625 0.040625 0.0765625
2 0.3703125 0.36875 0.040625 0.0671875
2 0.35078125 0.63515625 0.03515625 0.06640625
2 0.25078125 0.59453125 0.04296875 0.06640625
2 0.20859375 0.32734375 0.040625 0.0765625
2 0.2484375 0.16484375 0.040625 0.06953125
2 0.07109375 0.24375 0.0453125 0.071875
2 0.07421875 0.46953125 0.040625 0.07421875
2 0.2296875 0.759375 0.04296875 0.071875
2 0.79453125 0.21640625 0.0421875 0.07109375