0 0.08671875 0.64609375 0.04609375 0.07421875
1 0.9171875 0.146875 0.08125 0.14453125
1 0.48671875 0.14140625 0.07890625 0.125
1 0.053125 0.13203125 0.0953125 0.14140625
1 0.03984375 0.865625 0.07890625 0.1484375
1 0.465625 0.8734375 0.0671875 0.1296875
1 0.9015625 0.88203125 0.096875 0.128125
2 0.87890625 0.3765625 0.0421875 0.0734375
2 0.85546875 0.55625 0.040625 0.06953125
2 0.73359375 0.846875 0.0453125 0.075
2 0.5015625 0.8578125 0.0390625 0.0765625
2 0.61015625 0.60078125 0.04296875 0.0671875
2 0.571875 0.3484375 0.04296875 0.0765625
2 0.36328125 0.3734375 0.04296875 0.0671875
2 0.33984375 0.6390625 0.0375 0.06640625
2 0.240625 0.59765625 0.0453125 0.0671875
2 0.20234375 0.3296875 0.04296875 0.0765625
2 0.2453125 0.1671875 0.04296875 0.06953125
2 0.0671875 0.24453125 0.046875 0.0734375
2 0.06640625 0.4703125 0.04296875 0.07421875
2 0.2171875 0.7625 0.0453125 0.0734375
2 0.790625 0.22578125 0.04375 0.071875