0 0.8609375 0.38515625 0.04296875 0.0703125
1 0.06875 0.12734375 0.09296875 0.1578125
1 0.5078125 0.115625 0.06953125 0.14921875
1 0.94609375 0.1171875 0.0921875 0.15546875
1 0.9515625 0.871875 0.096875 0.16015625
1 0.5140625 0.8859375 0.05625 0.1546875
1 0.06953125 0.8875 0.09453125 0.159375
2 0.1453125 0.43515625 0.0421875 0.071875
2 0.1609375 0.6203125 0.0421875 0.0671875
2 0.2375 0.83515625 0.0390625 0.06953125
2 0.86015625 0.68671875 0.04296875 0.071875
2 0.31171875 0.6203125 0.03984375 0.06875
2 0.3625 0.21953125 0.0390625 0.06875
2 0.47578125 0.39921875 0.0375 0.0671875
2 0.45625 0.5765625 0.03828125 0.0703125
2 0.75546875 0.659375 0.040625 0.0703125
2 0.6625 0.46015625 0.03984375 0.06953125
2 0.66953125 0.29765625 0.0390625 0.06875
2 0.74296875 0.38671875 0.03984375 0.0671875
2 0.85625 0.29375 0.040625 0.07109375
2 0.1765625 0.259375 0.0421875 0.07109375
2 0.7171875 0.79375 0.040625 0.071875