0 0.8625 0.403125 0.0453125 0.07109375
1 0.08125 0.11328125 0.1 0.1625
1 0.5203125 0.11875 0.075 0.1515625
1 0.95390625 0.13828125 0.090625 0.159375
1 0.9328125 0.8921875 0.10234375 0.1640625
1 0.49453125 0.8890625 0.0625 0.15546875
1 0.0515625 0.87265625 0.10078125 0.16328125
2 0.1453125 0.4234375 0.04375 0.0734375
2 0.153125 0.61015625 0.04375 0.06875
2 0.22109375 0.82734375 0.040625 0.0703125
2 0.84921875 0.70390625 0.0453125 0.0734375
2 0.30390625 0.615625 0.0421875 0.06953125
2 0.37109375 0.2171875 0.040625 0.06953125
2 0.4765625 0.4015625 0.0390625 0.06875
2 0.45 0.57734375 0.03984375 0.07109375
2 0.7453125 0.67265625 0.04296875 0.07109375
2 0.6609375 0.46953125 0.0421875 0.0703125
2 0.67421875 0.30703125 0.040625 0.06953125
2 0.74375 0.39921875 0.0421875 0.06875
2 0.8609375 0.31171875 0.04375 0.071875
2 0.18359375 0.24921875 0.0453125 0.071875
2 0.7015625 0.8046875 0.04375 0.0734375