0 0.14140625 0.36875 0.046875 0.0734375
1 0.94765625 0.16640625 0.10234375 0.16484375
1 0.5109375 0.12421875 0.078125 0.153125
1 0.0734375 0.0953125 0.1015625 0.1609375
1 0.03671875 0.84765625 0.0734375 0.165625
1 0.45625 0.89296875 0.06640625 0.15703125
1 0.89921875 0.92109375 0.1046875 0.1578125
2 0.85234375 0.46875 0.04609375 0.075
2 0.825 0.653125 0.04609375 0.0703125
2 0.734375 0.8609375 0.04375 0.071875
2 0.1234375 0.6703125 0.046875 0.075
2 0.675 0.6421875 0.0453125 0.07109375
2 0.64921875 0.2375 0.04296875 0.07109375
2 0.525 0.41015625 0.0421875 0.0703125
2 0.5328125 0.5875 0.0421875 0.0734375
2 0.2296875 0.64921875 0.04609375 0.0734375
2 0.334375 0.4578125 0.04375 0.071875
2 0.3375 0.29453125 0.04296875 0.07109375
2 0.259375 0.378125 0.04375 0.0703125
2 0.1515625 0.278125 0.04609375 0.07421875
2 0.8328125 0.29140625 0.046875 0.07421875
2 0.25859375 0.78671875 0.04609375 0.075