2 0.86796875 0.2046875 0.05 0.078125
2 0.9078125 0.24921875 0.0515625 0.0796875
2 0.90234375 0.79140625 0.05078125 0.0828125
2 0.86015625 0.80546875 0.05078125 0.0828125
2 0.57109375 0.79296875 0.04609375 0.0796875
2 0.5140625 0.23984375 0.04609375 0.07890625
2 0.471875 0.2125 0.0453125 0.07734375
2 0.19296875 0.2 0.04609375 0.07890625
2 0.16328125 0.7609375 0.05 0.07890625
0 0.5640625 0.20703125 0.0453125 0.07734375
1 0.1375 0.16171875 0.09375 0.15234375
1 0.14140625 0.84609375 0.09375 0.153125
1 0.54375 0.853125 0.06953125 0.13671875
1 0.53203125 0.1640625 0.0671875 0.13671875
1 0.9265625 0.1640625 0.09453125 0.14765625
1 0.94453125 0.85234375 0.09375 0.15