2 0.11875 0.20234375 0.04609375 0.0765625
2 0.0796875 0.2484375 0.04765625 0.078125
2 0.0984375 0.78984375 0.046875 0.08125
2 0.14140625 0.803125 0.046875 0.08125
2 0.4296875 0.78515625 0.04296875 0.078125
2 0.47421875 0.23203125 0.04296875 0.07734375
2 0.51484375 0.20390625 0.0421875 0.075
2 0.79375 0.18671875 0.04296875 0.07734375
2 0.83671875 0.746875 0.04609375 0.07734375
0 0.42265625 0.2 0.040625 0.075
1 0.8484375 0.146875 0.08671875 0.14765625
1 0.8609375 0.83125 0.08671875 0.1484375
1 0.45859375 0.8453125 0.06328125 0.13359375
1 0.45390625 0.15625 0.0609375 0.13359375
1 0.059375 0.16328125 0.0875 0.1421875
1 0.05625 0.8515625 0.090625 0.1453125