2 0.103125 0.23046875 0.0515625 0.07890625
2 0.06875 0.278125 0.05390625 0.08125
2 0.13359375 0.8171875 0.0546875 0.084375
2 0.178125 0.82890625 0.0546875 0.084375
2 0.46328125 0.7921875 0.0484375 0.0796875
2 0.459375 0.23671875 0.0484375 0.07890625
2 0.4984375 0.20625 0.04765625 0.078125
2 0.77421875 0.17109375 0.0484375 0.07890625
2 0.865625 0.72734375 0.0515625 0.0796875
0 0.4046875 0.20859375 0.046875 0.078125
1 0.825 0.128125 0.1 0.1546875
1 0.89765625 0.8109375 0.1 0.1546875
1 0.49765625 0.85 0.07421875 0.1375
1 0.4328125 0.1625 0.07109375 0.13671875
1 0.04609375 0.19453125 0.0890625 0.14921875
1 0.096875 0.88203125 0.103125 0.15234375