1 0.953125 0.1140625 0.09296875 0.159375
1 0.934375 0.8671875 0.0875 0.1578125
1 0.49375 0.86640625 0.0703125 0.128125
1 0.515625 0.10625 0.07109375 0.13984375
1 0.07734375 0.11796875 0.090625 0.14375
1 0.046875 0.86796875 0.09375 0.15625
2 0.51328125 0.61328125 0.03984375 0.075
2 0.5046875 0.5125 0.0390625 0.06875
2 0.50390625 0.30859375 0.0421875 0.07421875
2 0.503125 0.24375 0.03984375 0.0625
2 0.609375 0.29921875 0.03984375 0.0671875
2 0.54765625 0.3875 0.040625 0.075
2 0.55546875 0.5 0.03984375 0.0625
2 0.64296875 0.4453125 0.0421875 0.0625
2 0.703125 0.69609375 0.04296875 0.065625
2 0.80546875 0.69453125 0.04375 0.06953125
2 0.82109375 0.46484375 0.0453125 0.065625
2 0.87109375 0.41640625 0.040625 0.0703125
2 0.83828125 0.26796875 0.0421875 0.0640625
2 0.690625 0.321875 0.04296875 0.065625
0 0.5328125 0.54921875 0.040625 0.06640625