1 0.04375 0.11953125 0.0875 0.159375
1 0.03984375 0.8734375 0.07890625 0.1578125
1 0.47578125 0.875 0.0703125 0.12890625
1 0.48046875 0.1140625 0.07109375 0.140625
1 0.91875 0.12890625 0.090625 0.14375
1 0.925 0.87890625 0.0984375 0.15625
2 0.465625 0.621875 0.03984375 0.075
2 0.478125 0.52109375 0.0390625 0.06875
2 0.48515625 0.3171875 0.0421875 0.07421875
2 0.4875 0.25234375 0.03984375 0.0625
2 0.3796875 0.30703125 0.03984375 0.0671875
2 0.4390625 0.39609375 0.040625 0.075
2 0.42734375 0.50859375 0.03984375 0.0625
2 0.34140625 0.453125 0.0421875 0.0625
2 0.27265625 0.70390625 0.04296875 0.06640625
2 0.1703125 0.7015625 0.04375 0.0703125
2 0.1625 0.471875 0.0453125 0.06640625
2 0.1140625 0.42265625 0.040625 0.0703125
2 0.1515625 0.275 0.0421875 0.0640625
2 0.29765625 0.32890625 0.04296875 0.06640625
0 0.44765625 0.5578125 0.040625 0.06640625