1 0.95234375 0.11171875 0.09375 0.15625
1 0.95546875 0.86484375 0.0828125 0.15625
1 0.51484375 0.86875 0.06640625 0.1265625
1 0.5109375 0.10859375 0.0671875 0.1390625
1 0.071875 0.12578125 0.08515625 0.14140625
1 0.065625 0.87578125 0.09375 0.1546875
2 0.52578125 0.615625 0.03828125 0.07421875
2 0.5140625 0.51484375 0.0375 0.0671875
2 0.50625 0.31171875 0.03984375 0.0734375
2 0.503125 0.246875 0.03828125 0.0625
2 0.6109375 0.30078125 0.03828125 0.0671875
2 0.55234375 0.38984375 0.0390625 0.07421875
2 0.5640625 0.50234375 0.03828125 0.0625
2 0.65 0.446875 0.03984375 0.0625
2 0.71875 0.69609375 0.040625 0.065625
2 0.82109375 0.69453125 0.0421875 0.06875
2 0.82890625 0.4640625 0.04296875 0.065625
2 0.8765625 0.41484375 0.0390625 0.06953125
2 0.8390625 0.2671875 0.03984375 0.0640625
2 0.69375 0.321875 0.040625 0.065625
0 0.54375 0.5515625 0.0390625 0.06640625