0 0.79609375 0.74375 0.0421875 0.071875
1 0.8265625 0.13984375 0.0765625 0.134375
1 0.840625 0.7796875 0.08203125 0.134375
1 0.465625 0.796875 0.05625 0.1234375
1 0.45625 0.14375 0.05859375 0.134375
1 0.0796875 0.15546875 0.0875 0.14375
1 0.0796875 0.80859375 0.084375 0.1390625
2 0.10078125 0.23671875 0.0453125 0.075
2 0.1375 0.19296875 0.0453125 0.075
2 0.47578125 0.21953125 0.0421875 0.0765625
2 0.51484375 0.19375 0.0390625 0.0765625
2 0.77734375 0.17734375 0.0390625 0.06953125
2 0.8171875 0.6921875 0.0421875 0.07421875
2 0.48359375 0.7359375 0.0390625 0.07421875
2 0.1203125 0.77265625 0.04609375 0.0765625
2 0.10390625 0.7046875 0.0453125 0.07890625