0 0.8046875 0.7625 0.04375 0.07421875
1 0.83515625 0.1609375 0.0796875 0.13671875
1 0.85 0.8 0.0859375 0.1375
1 0.47421875 0.80390625 0.0609375 0.125
1 0.46484375 0.1515625 0.0625 0.13671875
1 0.08828125 0.14921875 0.09296875 0.14765625
1 0.0890625 0.803125 0.0875 0.14140625
2 0.109375 0.23203125 0.046875 0.07734375
2 0.146875 0.1890625 0.046875 0.07734375
2 0.48515625 0.22734375 0.04375 0.07734375
2 0.5234375 0.203125 0.040625 0.07734375
2 0.7859375 0.19609375 0.040625 0.07109375
2 0.82578125 0.71171875 0.04375 0.0765625
2 0.4921875 0.74375 0.040625 0.0765625
2 0.12890625 0.76796875 0.04765625 0.07734375
2 0.1125 0.7 0.046875 0.0796875