0 0.20390625 0.73359375 0.04296875 0.07421875
1 0.18046875 0.1296875 0.07890625 0.1375
1 0.15859375 0.7703125 0.08515625 0.1375
1 0.53359375 0.78515625 0.059375 0.125
1 0.5515625 0.13203125 0.06171875 0.13671875
1 0.9265625 0.14140625 0.090625 0.14765625
1 0.91953125 0.79453125 0.08671875 0.14140625
2 0.90546875 0.22265625 0.04609375 0.07734375
2 0.86875 0.17890625 0.04609375 0.07734375
2 0.53046875 0.2078125 0.04296875 0.07734375
2 0.49140625 0.18203125 0.03984375 0.07734375
2 0.2296875 0.1671875 0.03984375 0.07109375
2 0.18359375 0.68203125 0.04296875 0.0765625
2 0.5171875 0.725 0.03984375 0.0765625
2 0.87890625 0.75859375 0.046875 0.07734375
2 0.896875 0.690625 0.04609375 0.0796875