0 0.61171875 0.44921875 0.04375 0.07109375
1 0.94921875 0.89140625 0.1015625 0.1734375
1 0.9609375 0.1234375 0.078125 0.17109375
1 0.5328125 0.09921875 0.08125 0.16875
1 0.5109375 0.88203125 0.0796875 0.16015625
1 0.0625 0.859375 0.09765625 0.1796875
1 0.08984375 0.0875 0.1125 0.1703125
2 0.55078125 0.50390625 0.04296875 0.0703125
2 0.6296875 0.3234375 0.04609375 0.06953125
2 0.6390625 0.2625 0.0421875 0.07109375
2 0.690625 0.18828125 0.04609375 0.07734375
2 0.8078125 0.2296875 0.04609375 0.07421875
2 0.77265625 0.28515625 0.04375 0.071875
2 0.80546875 0.3140625 0.046875 0.071875
2 0.7640625 0.359375 0.046875 0.0703125
2 0.70234375 0.40390625 0.04609375 0.0703125
2 0.75703125 0.45078125 0.046875 0.07109375
2 0.76484375 0.528125 0.046875 0.0703125
2 0.77265625 0.66328125 0.04765625 0.07109375
2 0.81171875 0.70625 0.0453125 0.07109375
2 0.871875 0.4953125 0.04765625 0.0703125
2 0.82890625 0.44609375 0.04609375 0.06953125