0 0.40078125 0.43359375 0.0421875 0.07109375
1 0.03984375 0.85234375 0.0796875 0.17265625
1 0.06171875 0.084375 0.1 0.16796875
1 0.50390625 0.0890625 0.075 0.16796875
1 0.471875 0.871875 0.075 0.16015625
1 0.9265625 0.88203125 0.10625 0.1796875
1 0.94609375 0.1078125 0.10625 0.17109375
2 0.4578125 0.49296875 0.03984375 0.0703125
2 0.39140625 0.30625 0.04375 0.06953125
2 0.38671875 0.2453125 0.03984375 0.07109375
2 0.340625 0.1671875 0.04375 0.07734375
2 0.22109375 0.2 0.04375 0.07421875
2 0.25234375 0.25859375 0.0421875 0.071875
2 0.2171875 0.284375 0.04375 0.071875
2 0.25625 0.3328125 0.04375 0.0703125
2 0.3140625 0.38203125 0.04375 0.0703125
2 0.25625 0.42421875 0.04375 0.07109375
2 0.24296875 0.5015625 0.04375 0.0703125
2 0.22578125 0.6359375 0.04609375 0.071875
2 0.184375 0.6765625 0.0421875 0.07109375
2 0.1390625 0.4609375 0.04609375 0.07109375
2 0.18515625 0.41484375 0.04296875 0.06953125