0 0.60078125 0.44375 0.03984375 0.06953125
1 0.9546875 0.86875 0.090625 0.16875
1 0.95234375 0.09921875 0.09453125 0.1671875
1 0.51015625 0.0984375 0.0703125 0.16484375
1 0.51484375 0.88125 0.06953125 0.15703125
1 0.059375 0.88359375 0.10078125 0.175
1 0.0671875 0.109375 0.1015625 0.16484375
2 0.5421875 0.5015625 0.03828125 0.06875
2 0.61484375 0.3171875 0.0421875 0.0671875
2 0.621875 0.25625 0.03828125 0.06953125
2 0.67109375 0.17890625 0.0421875 0.075
2 0.7890625 0.2140625 0.0421875 0.071875
2 0.75625 0.271875 0.03984375 0.0703125
2 0.78984375 0.2984375 0.0421875 0.0703125
2 0.74921875 0.34609375 0.0421875 0.06875
2 0.68984375 0.39375 0.0421875 0.06875
2 0.746875 0.4375 0.0421875 0.06953125
2 0.75703125 0.51484375 0.0421875 0.06875
2 0.76875 0.64921875 0.04375 0.06953125
2 0.809375 0.690625 0.03984375 0.06953125
2 0.86171875 0.47578125 0.04375 0.06875
2 0.8171875 0.42890625 0.040625 0.0671875