0 0.8109375 0.7734375 0.04375 0.075
1 0.84609375 0.153125 0.084375 0.14375
1 0.85859375 0.8203125 0.0859375 0.1390625
1 0.46953125 0.8203125 0.059375 0.12421875
1 0.4671875 0.14921875 0.0578125 0.1328125
1 0.084375 0.1515625 0.090625 0.1484375
1 0.0703125 0.8234375 0.08125 0.13359375
2 0.1859375 0.46953125 0.04765625 0.0796875
2 0.18515625 0.340625 0.0453125 0.075
2 0.121875 0.19375 0.04609375 0.0765625
2 0.11796875 0.7796875 0.04609375 0.08203125
2 0.4859375 0.225 0.0421875 0.07421875
2 0.52578125 0.2015625 0.0390625 0.0765625
2 0.7921875 0.1921875 0.0421875 0.075
2 0.8328125 0.71953125 0.04375 0.0765625
2 0.4875 0.75625 0.040625 0.07734375