0 0.78671875 0.78046875 0.0484375 0.078125
1 0.86171875 0.16171875 0.09296875 0.1484375
1 0.83203125 0.82890625 0.09453125 0.14375
1 0.44296875 0.81328125 0.06875 0.128125
1 0.48359375 0.1421875 0.06640625 0.1359375
1 0.1015625 0.1296875 0.1 0.153125
1 0.0453125 0.8 0.08984375 0.1390625
2 0.1828125 0.45078125 0.053125 0.0828125
2 0.18984375 0.321875 0.0484375 0.078125
2 0.13671875 0.17265625 0.05078125 0.07890625
2 0.0953125 0.75859375 0.05078125 0.08515625
2 0.4984375 0.21875 0.046875 0.07734375
2 0.5390625 0.196875 0.04375 0.078125
2 0.80546875 0.1984375 0.04609375 0.078125
2 0.81171875 0.7265625 0.04765625 0.07890625
2 0.465625 0.74921875 0.04609375 0.0796875