0 0.1984375 0.78203125 0.0453125 0.07734375
1 0.14921875 0.16171875 0.08671875 0.146875
1 0.1515625 0.82890625 0.0890625 0.1421875
1 0.540625 0.82890625 0.0625 0.12578125
1 0.52734375 0.1578125 0.0609375 0.134375
1 0.91015625 0.1609375 0.09375 0.1515625
1 0.93984375 0.83203125 0.084375 0.1359375
2 0.81640625 0.478125 0.0484375 0.08125
2 0.8140625 0.34921875 0.04609375 0.07734375
2 0.8734375 0.20234375 0.046875 0.07734375
2 0.89140625 0.78828125 0.046875 0.0828125
2 0.51015625 0.23359375 0.04296875 0.0765625
2 0.46953125 0.21015625 0.03984375 0.07734375
2 0.203125 0.20078125 0.04296875 0.07734375
2 0.17578125 0.728125 0.0453125 0.07734375
2 0.52109375 0.7640625 0.0421875 0.078125