2 0.121875 0.67890625 0.04765625 0.075
2 0.08671875 0.7015625 0.04375 0.0734375
2 0.15703125 0.72734375 0.04296875 0.06640625
2 0.25390625 0.503125 0.04375 0.07109375
2 0.3140625 0.3609375 0.04296875 0.06953125
2 0.415625 0.31171875 0.0421875 0.07109375
2 0.36875 0.4421875 0.040625 0.06640625
2 0.3953125 0.57890625 0.03828125 0.0671875
2 0.35703125 0.6703125 0.0390625 0.0625
2 0.421875 0.6890625 0.0421875 0.0734375
2 0.5171875 0.6171875 0.03984375 0.06953125
2 0.51484375 0.4359375 0.03984375 0.065625
2 0.58125 0.184375 0.04375 0.0734375
2 0.68828125 0.68515625 0.040625 0.0703125
2 0.76875 0.7125 0.0453125 0.075
0 0.3609375 0.6046875 0.0390625 0.0671875
1 0.040625 0.1375 0.08125 0.1703125
1 0.47109375 0.1296875 0.0765625 0.14921875
1 0.915625 0.1203125 0.10546875 0.17109375
1 0.925 0.88359375 0.103125 0.1765625
1 0.46796875 0.9046875 0.071875 0.17109375
1 0.034375 0.89921875 0.06875 0.1765625