2 0.884375 0.64765625 0.05078125 0.0765625
2 0.92109375 0.6671875 0.04609375 0.07421875
2 0.853125 0.69921875 0.0453125 0.0671875
2 0.73984375 0.4859375 0.046875 0.071875
2 0.66875 0.35 0.0453125 0.0703125
2 0.5640625 0.31015625 0.0453125 0.0734375
2 0.62109375 0.43671875 0.04296875 0.06875
2 0.6046875 0.57578125 0.03984375 0.06953125
2 0.65 0.6625 0.040625 0.0640625
2 0.58671875 0.68828125 0.0453125 0.075
2 0.4859375 0.62578125 0.04296875 0.07109375
2 0.475 0.44375 0.0421875 0.0671875
2 0.38984375 0.2 0.04609375 0.07421875
2 0.32109375 0.71015625 0.04375 0.071875
2 0.24296875 0.7453125 0.04765625 0.0765625
0 0.64140625 0.596875 0.040625 0.06953125
1 0.9296875 0.1 0.0984375 0.17265625
1 0.4953125 0.134375 0.08125 0.15234375
1 0.05390625 0.16875 0.1078125 0.175
1 0.10078125 0.9203125 0.11015625 0.159375
1 0.55625 0.9078125 0.078125 0.17265625
1 0.975 0.85859375 0.05 0.17890625