2 0.86953125 0.67421875 0.04609375 0.0734375
2 0.9046875 0.69609375 0.0421875 0.07109375
2 0.834375 0.7234375 0.040625 0.065625
2 0.7375 0.50234375 0.0421875 0.06953125
2 0.67734375 0.36171875 0.040625 0.0671875
2 0.57578125 0.31484375 0.03984375 0.0703125
2 0.62265625 0.44453125 0.0390625 0.06640625
2 0.5953125 0.5828125 0.0359375 0.0671875
2 0.634375 0.671875 0.0375 0.0625
2 0.56953125 0.69375 0.03984375 0.071875
2 0.4734375 0.62421875 0.03828125 0.06875
2 0.4765625 0.4421875 0.03828125 0.065625
2 0.409375 0.19296875 0.0421875 0.07109375
2 0.303125 0.696875 0.0390625 0.06953125
2 0.221875 0.7265625 0.04296875 0.0734375
0 0.63046875 0.60625 0.0375 0.0671875
1 0.95625 0.13125 0.08671875 0.16796875
1 0.5203125 0.134375 0.0703125 0.14765625
1 0.07578125 0.13828125 0.1 0.16875
1 0.06640625 0.9015625 0.09765625 0.175
1 0.52265625 0.91015625 0.06640625 0.16875
1 0.9625 0.8921875 0.075 0.175