0 0.15703125 0.75078125 0.04765625 0.078125
1 0.1578125 0.12890625 0.09375 0.14921875
1 0.1125 0.78125 0.10078125 0.1578125
1 0.4953125 0.81953125 0.0671875 0.140625
1 0.5375 0.146875 0.06875 0.1453125
1 0.928125 0.16640625 0.09296875 0.1515625
1 0.89453125 0.83984375 0.0953125 0.14921875
2 0.8859375 0.20703125 0.05078125 0.07890625
2 0.5640625 0.17890625 0.04609375 0.08125
2 0.503125 0.18046875 0.0453125 0.07734375
2 0.18359375 0.178125 0.046875 0.0765625
2 0.13828125 0.69375 0.04765625 0.0765625
2 0.48125 0.75234375 0.04609375 0.078125
2 0.85 0.7984375 0.05078125 0.08515625
2 0.80234375 0.4828125 0.05078125 0.0828125
2 0.81171875 0.3546875 0.05 0.078125