0 0.81640625 0.7578125 0.04375 0.075
1 0.85234375 0.1375 0.08515625 0.14453125
1 0.86015625 0.790625 0.0921875 0.153125
1 0.47578125 0.80703125 0.0609375 0.13671875
1 0.471875 0.1328125 0.0609375 0.14140625
1 0.08125 0.13046875 0.084375 0.146875
1 0.07578125 0.80390625 0.08671875 0.14453125
2 0.1203125 0.17265625 0.04609375 0.07734375
2 0.44375 0.16328125 0.0421875 0.07890625
2 0.5046875 0.16875 0.03984375 0.075
2 0.8234375 0.18515625 0.04296875 0.07421875
2 0.8390625 0.70234375 0.04375 0.0734375
2 0.49375 0.740625 0.0421875 0.0765625
2 0.12265625 0.76484375 0.04609375 0.0828125
2 0.18828125 0.453125 0.046875 0.08125
2 0.1859375 0.325 0.0453125 0.075