0 0.21171875 0.771875 0.04765625 0.078125
1 0.13203125 0.1546875 0.0953125 0.14921875
1 0.1703125 0.8078125 0.10234375 0.1578125
1 0.5546875 0.79921875 0.06953125 0.140625
1 0.5109375 0.12578125 0.0703125 0.1453125
1 0.90078125 0.0984375 0.09375 0.1515625
1 0.95234375 0.7703125 0.09453125 0.14921875
2 0.8640625 0.14296875 0.05078125 0.0796875
2 0.5421875 0.1546875 0.046875 0.08203125
2 0.48125 0.1640625 0.0453125 0.078125
2 0.16328125 0.20078125 0.046875 0.07734375
2 0.18515625 0.71796875 0.04765625 0.0765625
2 0.53203125 0.734375 0.04609375 0.07890625
2 0.90390625 0.73515625 0.0515625 0.0859375
2 0.81640625 0.428125 0.0515625 0.084375
2 0.809375 0.29921875 0.05 0.078125