1 0.9515625 0.10078125 0.096875 0.16875
1 0.9578125 0.86796875 0.08203125 0.1671875
1 0.51640625 0.88671875 0.06875 0.1578125
1 0.509375 0.0984375 0.065625 0.1578125
1 0.06328125 0.1109375 0.0984375 0.1515625
1 0.06015625 0.884375 0.1015625 0.17265625
0 0.69296875 0.559375 0.040625 0.0703125
2 0.83828125 0.36796875 0.04375 0.07109375
2 0.87734375 0.4140625 0.0421875 0.0703125
2 0.72578125 0.53046875 0.03984375 0.0703125
2 0.728125 0.5953125 0.0421875 0.06875
2 0.690625 0.6234375 0.03984375 0.071875
2 0.61796875 0.63984375 0.0421875 0.07109375
2 0.440625 0.590625 0.0390625 0.06875
2 0.4265625 0.53359375 0.0390625 0.0671875
2 0.39921875 0.56875 0.0390625 0.0671875
2 0.3796875 0.49140625 0.040625 0.07109375
2 0.42578125 0.42578125 0.03984375 0.06875
2 0.44453125 0.48125 0.0390625 0.0640625
2 0.4828125 0.371875 0.0390625 0.0671875
2 0.2015625 0.44921875 0.0453125 0.06875