1 0.9515625 0.1125 0.096875 0.16875
1 0.9625 0.87890625 0.07421875 0.1671875
1 0.5265625 0.8921875 0.0703125 0.159375
1 0.5109375 0.1046875 0.06640625 0.159375
1 0.0640625 0.11171875 0.1 0.1515625
1 0.0703125 0.884375 0.103125 0.17265625
0 0.69921875 0.5671875 0.0421875 0.0703125
2 0.84296875 0.378125 0.04375 0.071875
2 0.88203125 0.42421875 0.04296875 0.07109375
2 0.73203125 0.5390625 0.03984375 0.0703125
2 0.73515625 0.603125 0.0421875 0.06875
2 0.6984375 0.63125 0.040625 0.071875
2 0.62578125 0.64765625 0.04296875 0.071875
2 0.446875 0.5953125 0.03984375 0.06875
2 0.4328125 0.53828125 0.03984375 0.0671875
2 0.40546875 0.5734375 0.03984375 0.0671875
2 0.38515625 0.4953125 0.0421875 0.07109375
2 0.43046875 0.43046875 0.040625 0.06875
2 0.45 0.4859375 0.03984375 0.0640625
2 0.4875 0.378125 0.03984375 0.06640625
2 0.20703125 0.4515625 0.04609375 0.06953125