1 0.95703125 0.1296875 0.08515625 0.17265625
1 0.92265625 0.896875 0.09296875 0.171875
1 0.48046875 0.88984375 0.07890625 0.1609375
1 0.52890625 0.10234375 0.0765625 0.1609375
1 0.0828125 0.0890625 0.10859375 0.15703125
1 0.040625 0.86015625 0.08125 0.1796875
0 0.6796875 0.5734375 0.0453125 0.071875
2 0.8375 0.39140625 0.04765625 0.0734375
2 0.8734375 0.4390625 0.046875 0.071875
2 0.7140625 0.546875 0.04375 0.071875
2 0.7125 0.6109375 0.04609375 0.0703125
2 0.67265625 0.63671875 0.0453125 0.07421875
2 0.6 0.64921875 0.046875 0.0734375
2 0.425 0.58984375 0.04375 0.0703125
2 0.415625 0.53203125 0.04375 0.06953125
2 0.3859375 0.565625 0.04296875 0.06953125
2 0.371875 0.4875 0.04609375 0.0734375
2 0.42265625 0.42421875 0.0453125 0.0703125
2 0.43671875 0.48046875 0.04296875 0.065625
2 0.48359375 0.37421875 0.04375 0.06875
2 0.196875 0.434375 0.0484375 0.0703125