2 0.1828125 0.2125 0.0453125 0.0734375
2 0.2453125 0.38828125 0.0453125 0.0734375
2 0.3484375 0.32109375 0.040625 0.06640625
2 0.40859375 0.27265625 0.0421875 0.06953125
2 0.4953125 0.3515625 0.040625 0.0703125
2 0.5140625 0.490625 0.040625 0.06875
2 0.5546875 0.53203125 0.03984375 0.07109375
2 0.521875 0.59375 0.03984375 0.065625
2 0.39375 0.62421875 0.0390625 0.05625
2 0.30546875 0.6234375 0.04375 0.06953125
2 0.28515625 0.5703125 0.04375 0.071875
2 0.28125 0.49140625 0.04375 0.0734375
2 0.30390625 0.43671875 0.04375 0.07109375
2 0.1359375 0.66875 0.04609375 0.07421875
2 0.3453125 0.53828125 0.03984375 0.0703125
0 0.3109375 0.52578125 0.0421875 0.06875
1 0.075 0.09453125 0.109375 0.16015625
1 0.525 0.1078125 0.07890625 0.1625
1 0.9578125 0.12890625 0.0828125 0.17578125
1 0.93515625 0.89765625 0.0890625 0.1609375
1 0.49140625 0.8890625 0.0765625 0.159375
1 0.046875 0.8640625 0.09375 0.1796875