2 0.828125 0.2328125 0.04296875 0.071875
2 0.75390625 0.403125 0.04296875 0.071875
2 0.65546875 0.32890625 0.0390625 0.065625
2 0.5984375 0.2765625 0.03984375 0.06953125
2 0.50703125 0.3484375 0.0390625 0.0703125
2 0.478125 0.48671875 0.0390625 0.0671875
2 0.434375 0.525 0.03828125 0.07109375
2 0.4640625 0.5890625 0.03828125 0.0640625
2 0.5890625 0.628125 0.0375 0.05625
2 0.6765625 0.63359375 0.0421875 0.06875
2 0.70078125 0.58125 0.0421875 0.07109375
2 0.71015625 0.503125 0.0421875 0.071875
2 0.69140625 0.44765625 0.0421875 0.0703125
2 0.84296875 0.690625 0.04375 0.0734375
2 0.64296875 0.54609375 0.03828125 0.0703125
0 0.67890625 0.5359375 0.03984375 0.06875
1 0.94453125 0.121875 0.10546875 0.1578125
1 0.49375 0.10390625 0.075 0.16015625
1 0.053125 0.09453125 0.09296875 0.1734375
1 0.0359375 0.8625 0.071875 0.1578125
1 0.4734375 0.88515625 0.071875 0.15703125
1 0.9265625 0.8921875 0.1078125 0.178125