2 0.175 0.221875 0.0421875 0.07109375
2 0.2453125 0.39375 0.0421875 0.07109375
2 0.3453125 0.321875 0.03828125 0.065625
2 0.40390625 0.271875 0.0390625 0.06875
2 0.49375 0.3453125 0.03828125 0.06953125
2 0.51875 0.484375 0.03828125 0.0671875
2 0.56171875 0.52421875 0.0375 0.0703125
2 0.53125 0.58671875 0.0375 0.0640625
2 0.40546875 0.6234375 0.0375 0.05546875
2 0.3171875 0.6265625 0.040625 0.0671875
2 0.29453125 0.57421875 0.040625 0.0703125
2 0.28671875 0.4953125 0.040625 0.07109375
2 0.30703125 0.440625 0.040625 0.06953125
2 0.15 0.6796875 0.04296875 0.071875
2 0.353125 0.53984375 0.0375 0.06953125
0 0.31796875 0.528125 0.0390625 0.0671875
1 0.06171875 0.10859375 0.1015625 0.15625
1 0.5125 0.10078125 0.07109375 0.159375
1 0.953125 0.1015625 0.0890625 0.171875
1 0.95859375 0.87109375 0.08203125 0.15703125
1 0.51484375 0.8828125 0.06875 0.15625
1 0.0609375 0.8796875 0.103125 0.175