0 0.7875 0.765625 0.04765625 0.07734375
1 0.85234375 0.14765625 0.08671875 0.146875
1 0.83515625 0.80546875 0.0921875 0.14375
1 0.44921875 0.809375 0.06640625 0.13671875
1 0.47109375 0.1390625 0.06640625 0.134375
1 0.090625 0.14140625 0.09296875 0.1453125
1 0.0578125 0.80234375 0.0859375 0.14375
2 0.128125 0.18671875 0.05 0.07734375
2 0.184375 0.334375 0.04765625 0.0765625
2 0.18203125 0.4609375 0.0484375 0.0796875
2 0.10859375 0.76484375 0.0484375 0.07734375
2 0.4203125 0.7640625 0.0453125 0.07734375
2 0.44296875 0.17890625 0.0453125 0.0796875
2 0.503125 0.1828125 0.0453125 0.075
2 0.81640625 0.2015625 0.046875 0.075
2 0.81328125 0.71171875 0.04765625 0.07734375