0 0.1984375 0.7390625 0.05 0.07734375
1 0.18046875 0.11796875 0.0921875 0.14765625
1 0.14921875 0.77421875 0.09453125 0.14453125
1 0.53359375 0.81171875 0.06953125 0.1375
1 0.56171875 0.1421875 0.0703125 0.1359375
1 0.9421875 0.178125 0.096875 0.146875
1 0.925 0.8390625 0.08984375 0.14453125
2 0.90078125 0.2203125 0.0515625 0.07734375
2 0.83359375 0.36171875 0.05 0.0765625
2 0.82578125 0.48828125 0.05078125 0.08125
2 0.8765625 0.796875 0.05078125 0.078125
2 0.565625 0.76953125 0.046875 0.078125
2 0.5875 0.18515625 0.046875 0.08125
2 0.5265625 0.184375 0.046875 0.0765625
2 0.2125 0.175 0.0484375 0.075
2 0.17734375 0.6828125 0.05 0.07734375