0 0.80546875 0.7546875 0.04375 0.075
1 0.8421875 0.1359375 0.0796875 0.14375
1 0.8546875 0.79375 0.08515625 0.140625
1 0.46953125 0.8109375 0.059375 0.134375
1 0.46015625 0.13984375 0.0609375 0.1328125
1 0.0796875 0.15546875 0.0859375 0.1421875
1 0.07734375 0.8171875 0.0796875 0.140625
2 0.11875 0.2 0.04609375 0.075
2 0.1828125 0.3453125 0.04375 0.07421875
2 0.18671875 0.471875 0.0453125 0.07890625
2 0.1265625 0.778125 0.04609375 0.0765625
2 0.43828125 0.76640625 0.0421875 0.0765625
2 0.43359375 0.18125 0.040625 0.07890625
2 0.49375 0.1828125 0.040625 0.07421875
2 0.8078125 0.190625 0.04375 0.0734375
2 0.82890625 0.70078125 0.0453125 0.075