2 0.57265625 0.39140625 0.0421875 0.0734375
2 0.80390625 0.27265625 0.04765625 0.07734375
2 0.840625 0.30625 0.04609375 0.07421875
2 0.878125 0.315625 0.04296875 0.07109375
2 0.89921875 0.225 0.046875 0.071875
2 0.86640625 0.1984375 0.04296875 0.0703125
2 0.834375 0.23359375 0.04375 0.0703125
2 0.8390625 0.28046875 0.0359375 0.05859375
2 0.7546875 0.771875 0.04375 0.075
2 0.79375 0.834375 0.04609375 0.0734375
2 0.79375 0.75546875 0.04609375 0.07421875
2 0.82734375 0.7953125 0.0453125 0.071875
2 0.86328125 0.778125 0.0453125 0.0703125
2 0.8625 0.8421875 0.0484375 0.078125
1 0.059375 0.08515625 0.1 0.16875
1 0.028125 0.85234375 0.05625 0.171875
1 0.4515625 0.896875 0.08125 0.15546875
1 0.503125 0.1109375 0.075 0.159375
1 0.9453125 0.14609375 0.1078125 0.165625
1 0.9078125 0.9171875 0.109375 0.16484375
0 0.825 0.86953125 0.046875 0.0765625