2 0.42265625 0.37421875 0.0375 0.07109375
2 0.1984375 0.24296875 0.04375 0.07421875
2 0.1609375 0.275 0.0421875 0.071875
2 0.12265625 0.28203125 0.0390625 0.06953125
2 0.10625 0.18984375 0.04296875 0.0703125
2 0.14140625 0.165625 0.0390625 0.06875
2 0.17109375 0.20234375 0.03984375 0.06875
2 0.16328125 0.24921875 0.0328125 0.05625
2 0.21953125 0.74375 0.03984375 0.0734375
2 0.1765625 0.80390625 0.040625 0.07109375
2 0.18125 0.725 0.0421875 0.071875
2 0.1453125 0.76328125 0.040625 0.0703125
2 0.11015625 0.74375 0.040625 0.06875
2 0.10703125 0.8078125 0.0453125 0.0765625
1 0.95234375 0.09765625 0.090625 0.16796875
1 0.9578125 0.86796875 0.084375 0.16796875
1 0.5140625 0.8859375 0.071875 0.1515625
1 0.50859375 0.1 0.06640625 0.15546875
1 0.0640625 0.10859375 0.1 0.1609375
1 0.0578125 0.88515625 0.1 0.16875
0 0.14296875 0.8375 0.04296875 0.07421875