2 0.4359375 0.3796875 0.04296875 0.07421875
2 0.21953125 0.22734375 0.05 0.078125
2 0.18046875 0.25625 0.04765625 0.0765625
2 0.14140625 0.259375 0.0453125 0.0734375
2 0.13125 0.165625 0.04765625 0.07421875
2 0.1671875 0.1453125 0.0453125 0.071875
2 0.19453125 0.184375 0.0453125 0.071875
2 0.18359375 0.23125 0.03828125 0.059375
2 0.21171875 0.72890625 0.04609375 0.07734375
2 0.165625 0.784375 0.046875 0.075
2 0.17421875 0.70625 0.04765625 0.0765625
2 0.1359375 0.740625 0.046875 0.07421875
2 0.10234375 0.71796875 0.04609375 0.071875
2 0.0953125 0.78203125 0.05078125 0.07890625
1 0.9640625 0.15234375 0.07109375 0.17578125
1 0.940625 0.9171875 0.09765625 0.165625
1 0.49765625 0.896875 0.084375 0.15703125
1 0.5375 0.1140625 0.078125 0.1609375
1 0.09296875 0.08359375 0.1125 0.165625
1 0.053125 0.85390625 0.0890625 0.1765625
0 0.1296875 0.81484375 0.0484375 0.078125