0 0.228125 0.16640625 0.0484375 0.07890625
1 0.1625 0.09453125 0.090625 0.14453125
1 0.0828125 0.7671875 0.09453125 0.13984375
1 0.484375 0.81484375 0.0671875 0.13671875
1 0.546875 0.13359375 0.07109375 0.14375
1 0.93515625 0.1765625 0.0921875 0.14765625
1 0.88828125 0.8515625 0.0953125 0.14765625
2 0.509375 0.16875 0.04609375 0.07890625
2 0.57109375 0.1703125 0.04765625 0.08203125
2 0.88984375 0.21171875 0.053125 0.084375
2 0.8140625 0.35625 0.05 0.08125
2 0.8015625 0.48359375 0.0515625 0.084375
2 0.84296875 0.80625 0.0515625 0.08671875
2 0.51875 0.771875 0.0484375 0.0828125
2 0.13125 0.728125 0.053125 0.08515625
2 0.1875 0.15 0.0484375 0.07890625