0 0.21171875 0.1796875 0.0453125 0.07734375
1 0.1421875 0.1125 0.08203125 0.140625
1 0.10234375 0.7875 0.08671875 0.13671875
1 0.50625 0.81171875 0.059375 0.134375
1 0.52890625 0.12890625 0.06328125 0.140625
1 0.91875 0.14921875 0.084375 0.14453125
1 0.91171875 0.825 0.0875 0.14453125
2 0.49296875 0.165625 0.0421875 0.07734375
2 0.55546875 0.1640625 0.04296875 0.0796875
2 0.87578125 0.18671875 0.04765625 0.08125
2 0.809375 0.334375 0.04609375 0.078125
2 0.80390625 0.46328125 0.04765625 0.08125
2 0.8640625 0.78203125 0.04609375 0.084375
2 0.5375 0.76640625 0.0453125 0.08125
2 0.14765625 0.74609375 0.04765625 0.08203125
2 0.17109375 0.165625 0.0453125 0.07734375