0 0.79375 0.18828125 0.04375 0.075
1 0.8640625 0.12109375 0.0796875 0.1390625
1 0.89296875 0.79609375 0.08515625 0.13359375
1 0.48828125 0.82109375 0.0578125 0.1328125
1 0.47734375 0.1375 0.06171875 0.1390625
1 0.08671875 0.1578125 0.08203125 0.14140625
1 0.0828125 0.83359375 0.0859375 0.140625
2 0.5125 0.17421875 0.040625 0.075
2 0.45 0.17265625 0.0421875 0.07890625
2 0.1296875 0.1953125 0.046875 0.0796875
2 0.19375 0.34296875 0.0453125 0.07734375
2 0.196875 0.471875 0.046875 0.0796875
2 0.13125 0.790625 0.0453125 0.0828125
2 0.4578125 0.775 0.04375 0.0796875
2 0.84765625 0.7546875 0.046875 0.08125
2 0.83515625 0.17421875 0.04375 0.0765625