0 0.73515625 0.5703125 0.040625 0.0703125
2 0.73203125 0.50703125 0.03984375 0.0671875
2 0.7359375 0.63359375 0.04375 0.071875
2 0.603125 0.42265625 0.03828125 0.0671875
2 0.6375 0.3796875 0.0390625 0.06953125
2 0.575 0.3140625 0.0390625 0.06953125
2 0.409375 0.19375 0.03984375 0.06953125
2 0.47734375 0.44140625 0.0375 0.06640625
2 0.56875 0.534375 0.03828125 0.06875
2 0.4640625 0.5125 0.0390625 0.0703125
2 0.44453125 0.575 0.03828125 0.0671875
2 0.4 0.428125 0.0375 0.065625
2 0.31171875 0.33515625 0.040625 0.07109375
2 0.34453125 0.590625 0.0390625 0.0671875
2 0.303125 0.69609375 0.0390625 0.0671875
2 0.22265625 0.72734375 0.04375 0.07421875
1 0.95625 0.12734375 0.0859375 0.165625
1 0.9609375 0.903125 0.07734375 0.17265625
1 0.52265625 0.9140625 0.07109375 0.1609375
1 0.521875 0.1296875 0.07109375 0.15625
1 0.0734375 0.1359375 0.10078125 0.1671875
1 0.0671875 0.9109375 0.10078125 0.175