0 0.72265625 0.578125 0.046875 0.07421875
2 0.725 0.51484375 0.04609375 0.0703125
2 0.71875 0.64140625 0.05 0.0765625
2 0.60390625 0.42265625 0.04375 0.0703125
2 0.64140625 0.38203125 0.04375 0.0734375
2 0.584375 0.31328125 0.04375 0.0734375
2 0.42890625 0.18359375 0.0453125 0.0734375
2 0.47578125 0.434375 0.04296875 0.06953125
2 0.56015625 0.5328125 0.04375 0.071875
2 0.4578125 0.5046875 0.04375 0.07421875
2 0.4328125 0.56640625 0.04375 0.0703125
2 0.4 0.415625 0.04296875 0.06875
2 0.31953125 0.31875 0.04609375 0.075
2 0.33203125 0.57578125 0.0453125 0.0703125
2 0.28203125 0.678125 0.04375 0.07109375
2 0.19921875 0.7046875 0.05 0.078125
1 0.9640625 0.1484375 0.06953125 0.171875
1 0.9203125 0.91171875 0.090625 0.15625
1 0.48359375 0.90859375 0.084375 0.1671875
1 0.54609375 0.12578125 0.0828125 0.1609375
1 0.0984375 0.10625 0.1140625 0.1734375
1 0.04296875 0.878125 0.0859375 0.1828125