0 0.74375 0.56171875 0.04296875 0.071875
2 0.740625 0.4984375 0.0421875 0.06875
2 0.74453125 0.62421875 0.04609375 0.07421875
2 0.6125 0.41328125 0.03984375 0.06875
2 0.64609375 0.3703125 0.040625 0.07109375
2 0.584375 0.30546875 0.040625 0.07109375
2 0.41796875 0.18515625 0.0421875 0.07109375
2 0.4859375 0.4328125 0.0390625 0.0671875
2 0.57734375 0.525 0.03984375 0.0703125
2 0.4734375 0.503125 0.040625 0.071875
2 0.453125 0.56640625 0.03984375 0.06875
2 0.40859375 0.41875 0.0390625 0.06640625
2 0.32109375 0.3265625 0.04296875 0.0734375
2 0.353125 0.58203125 0.040625 0.06875
2 0.31171875 0.68671875 0.040625 0.06953125
2 0.23125 0.71875 0.04609375 0.0765625
1 0.96015625 0.11875 0.0796875 0.16796875
1 0.9640625 0.89375 0.071875 0.175
1 0.53203125 0.90546875 0.07734375 0.16328125
1 0.53046875 0.1203125 0.0765625 0.1578125
1 0.0828125 0.12734375 0.10625 0.1703125
1 0.075 0.9015625 0.10625 0.17890625