0 0.8984375 0.2578125 0.04765625 0.07734375
1 0.92265625 0.1578125 0.08515625 0.14921875
1 0.9125 0.80703125 0.0875 0.14375
1 0.53671875 0.81875 0.0609375 0.12890625
1 0.53125 0.1578125 0.0609375 0.13671875
1 0.15 0.17109375 0.0859375 0.13984375
1 0.1625 0.82421875 0.08125 0.128125
2 0.8859375 0.75703125 0.04765625 0.07421875
2 0.8796875 0.190625 0.05 0.07890625
2 0.5625 0.20390625 0.0421875 0.07734375
2 0.5015625 0.20078125 0.0421875 0.078125
2 0.5046875 0.75859375 0.0421875 0.07734375
2 0.56875 0.7765625 0.0421875 0.078125
2 0.20625 0.78671875 0.0453125 0.07890625
2 0.18046875 0.73828125 0.0453125 0.075
2 0.1859375 0.23671875 0.0453125 0.075