0 0.88984375 0.271875 0.05 0.078125
1 0.91484375 0.171875 0.08984375 0.15234375
1 0.903125 0.82109375 0.09296875 0.14765625
1 0.528125 0.83125 0.0640625 0.13125
1 0.52265625 0.16953125 0.0640625 0.1390625
1 0.14140625 0.18046875 0.090625 0.14375
1 0.15390625 0.834375 0.08515625 0.13125
2 0.87734375 0.77109375 0.05 0.0765625
2 0.87109375 0.2046875 0.0515625 0.0796875
2 0.55390625 0.21640625 0.04375 0.078125
2 0.49296875 0.2125 0.04375 0.07890625
2 0.4953125 0.7703125 0.04375 0.078125
2 0.559375 0.78828125 0.04375 0.07890625
2 0.196875 0.79609375 0.046875 0.0796875
2 0.17109375 0.7484375 0.046875 0.07734375
2 0.17734375 0.246875 0.046875 0.07734375