0 0.0890625 0.278125 0.0515625 0.07890625
1 0.059375 0.1796875 0.0921875 0.1546875
1 0.1046875 0.82734375 0.09453125 0.1484375
1 0.4796875 0.8171875 0.06640625 0.13203125
1 0.45078125 0.15703125 0.0671875 0.13984375
1 0.8328125 0.14765625 0.09296875 0.14453125
1 0.85390625 0.8015625 0.0875 0.1328125
2 0.128125 0.7765625 0.0515625 0.0765625
2 0.1046875 0.21015625 0.05390625 0.08125
2 0.421875 0.20546875 0.04609375 0.07890625
2 0.4828125 0.1984375 0.04609375 0.0796875
2 0.509375 0.75625 0.04609375 0.07890625
2 0.44609375 0.778125 0.04609375 0.0796875
2 0.80859375 0.76640625 0.0484375 0.08125
2 0.83203125 0.71640625 0.0484375 0.07734375
2 0.8 0.215625 0.0484375 0.07734375