0 0.7796875 0.20234375 0.04375 0.0734375
1 0.84921875 0.1359375 0.0828125 0.1375
1 0.86640625 0.80390625 0.0890625 0.13671875
1 0.47578125 0.81875 0.0625 0.140625
1 0.46796875 0.13984375 0.0609375 0.1359375
1 0.084375 0.15 0.0859375 0.13671875
1 0.0765625 0.8234375 0.0875 0.1421875
2 0.11953125 0.7828125 0.04765625 0.08125
2 0.0984375 0.71796875 0.046875 0.07734375
2 0.10390625 0.27421875 0.046875 0.0765625
2 0.440625 0.17734375 0.0421875 0.07734375
2 0.5015625 0.18203125 0.03984375 0.0734375
2 0.82109375 0.190625 0.04375 0.07421875
2 0.8265625 0.76328125 0.0453125 0.078125
2 0.50859375 0.7546875 0.0421875 0.07890625
2 0.44375 0.77265625 0.0421875 0.07890625