0 0.78984375 0.22109375 0.04609375 0.0765625
1 0.86171875 0.15859375 0.08671875 0.140625
1 0.85625 0.8265625 0.09375 0.140625
1 0.4640625 0.82265625 0.06640625 0.14375
1 0.48046875 0.14375 0.0640625 0.1390625
1 0.096875 0.1375 0.08984375 0.13984375
1 0.06484375 0.809375 0.09296875 0.146875
2 0.11015625 0.7703125 0.05078125 0.0828125
2 0.09140625 0.7046875 0.05 0.07890625
2 0.1125 0.26171875 0.05 0.078125
2 0.45234375 0.18046875 0.0453125 0.07890625
2 0.5125 0.18828125 0.0421875 0.075
2 0.83125 0.21171875 0.04609375 0.07734375
2 0.8171875 0.78359375 0.04765625 0.0796875
2 0.5 0.76015625 0.04375 0.08125
2 0.434375 0.775 0.0453125 0.08125