0 0.76015625 0.175 0.04765625 0.0765625
1 0.82734375 0.10390625 0.09296875 0.14375
1 0.86875 0.76875 0.0984375 0.1421875
1 0.478125 0.8109375 0.071875 0.14453125
1 0.44609375 0.13359375 0.06953125 0.13984375
1 0.0640625 0.171875 0.0953125 0.1421875
1 0.07890625 0.84375 0.0984375 0.14921875
2 0.1203125 0.8 0.053125 0.084375
2 0.0984375 0.73671875 0.0515625 0.0796875
2 0.0875 0.29375 0.0515625 0.07890625
2 0.42109375 0.1734375 0.046875 0.0796875
2 0.48125 0.17421875 0.04375 0.0765625
2 0.8015625 0.16015625 0.04765625 0.07734375
2 0.8265625 0.73125 0.05 0.08125
2 0.50859375 0.74375 0.046875 0.08203125
2 0.44453125 0.7671875 0.046875 0.08203125