0 0.196875 0.21875 0.0484375 0.07890625
1 0.121875 0.1625 0.09296875 0.146875
1 0.1609375 0.83125 0.0984375 0.1484375
1 0.55546875 0.80234375 0.0765625 0.1453125
1 0.50625 0.121875 0.071875 0.14765625
1 0.89765625 0.08515625 0.09453125 0.15
1 0.9546875 0.76796875 0.08984375 0.1484375
2 0.8953125 0.7296875 0.05390625 0.08671875
2 0.5828125 0.75546875 0.046875 0.0828125
2 0.51484375 0.74296875 0.04765625 0.084375
2 0.19765625 0.78671875 0.05078125 0.0828125
2 0.17421875 0.69296875 0.0515625 0.08203125
2 0.15546875 0.21171875 0.05078125 0.0796875
2 0.5375 0.15390625 0.04765625 0.08203125
2 0.47578125 0.165625 0.046875 0.078125
2 0.8546875 0.12421875 0.053125 0.0796875