0 0.76875 0.20625 0.046875 0.07890625
1 0.8359375 0.14140625 0.090625 0.14453125
1 0.8859375 0.8109375 0.0953125 0.14765625
1 0.49296875 0.8296875 0.07421875 0.14453125
1 0.4515625 0.146875 0.0703125 0.146875
1 0.059375 0.159375 0.09296875 0.1484375
1 0.0875 0.8453125 0.096875 0.14765625
2 0.146875 0.8 0.053125 0.0859375
2 0.459375 0.7875 0.04609375 0.0828125
2 0.52421875 0.76640625 0.04609375 0.084375
2 0.84453125 0.77109375 0.05 0.08203125
2 0.8546875 0.675 0.05078125 0.08125
2 0.809375 0.19453125 0.0484375 0.07890625
2 0.425 0.1828125 0.04609375 0.08203125
2 0.48671875 0.1875 0.0453125 0.07734375
2 0.10703125 0.1921875 0.0515625 0.07890625