0 0.784375 0.20234375 0.04375 0.0765625
1 0.8546875 0.13984375 0.0828125 0.1390625
1 0.86640625 0.81015625 0.0875 0.140625
1 0.47109375 0.81796875 0.06640625 0.13984375
1 0.46953125 0.134375 0.06171875 0.14140625
1 0.0765625 0.13515625 0.08515625 0.1421875
1 0.065625 0.82109375 0.0890625 0.140625
2 0.12734375 0.77734375 0.04765625 0.0828125
2 0.440625 0.77421875 0.0421875 0.0796875
2 0.50703125 0.7546875 0.0421875 0.08125
2 0.8265625 0.76875 0.04609375 0.07890625
2 0.8421875 0.6734375 0.046875 0.078125
2 0.825 0.1921875 0.04609375 0.0765625
2 0.440625 0.1703125 0.0421875 0.07890625
2 0.503125 0.17578125 0.0421875 0.07421875
2 0.12265625 0.16953125 0.04765625 0.0765625