1 0.95 0.11171875 0.0984375 0.175
1 0.9515625 0.878125 0.08671875 0.17109375
1 0.509375 0.88828125 0.0703125 0.15546875
1 0.50859375 0.10859375 0.06953125 0.15703125
1 0.0640625 0.1109375 0.10234375 0.16875
1 0.053125 0.8859375 0.10234375 0.17265625
0 0.709375 0.49140625 0.040625 0.071875
2 0.12890625 0.28984375 0.04375 0.071875
2 0.30859375 0.68046875 0.0390625 0.0703125
2 0.43671875 0.54609375 0.0390625 0.07109375
2 0.46640625 0.3921875 0.0390625 0.07109375
2 0.521875 0.47421875 0.0390625 0.06875
2 0.9140625 0.4125 0.0453125 0.0703125
2 0.79609375 0.19375 0.040625 0.0671875
2 0.7203125 0.29765625 0.040625 0.0765625
2 0.71640625 0.38203125 0.04296875 0.07109375
2 0.7328125 0.4421875 0.040625 0.071875
2 0.678125 0.5203125 0.040625 0.071875
2 0.62421875 0.51640625 0.03828125 0.06640625
2 0.71015625 0.559375 0.03515625 0.0609375
2 0.72421875 0.62421875 0.040625 0.0671875
2 0.86875 0.6109375 0.0453125 0.07421875