1 0.95078125 0.10078125 0.0984375 0.1734375
1 0.95625 0.8671875 0.08671875 0.1703125
1 0.51484375 0.88203125 0.06953125 0.1546875
1 0.50859375 0.10234375 0.06953125 0.15625
1 0.06484375 0.11015625 0.10234375 0.16875
1 0.05859375 0.88515625 0.1015625 0.17265625
0 0.7125 0.48359375 0.040625 0.071875
2 0.13046875 0.28828125 0.04375 0.07109375
2 0.3125 0.6765625 0.03984375 0.0703125
2 0.43984375 0.540625 0.0390625 0.07109375
2 0.46875 0.38671875 0.0390625 0.07109375
2 0.525 0.46796875 0.0390625 0.06875
2 0.91640625 0.4015625 0.04609375 0.06953125
2 0.79765625 0.184375 0.040625 0.0671875
2 0.721875 0.2890625 0.0421875 0.0765625
2 0.71796875 0.37421875 0.04375 0.0703125
2 0.73515625 0.4328125 0.0421875 0.071875
2 0.68046875 0.5125 0.040625 0.071875
2 0.6265625 0.509375 0.03828125 0.0671875
2 0.71328125 0.55078125 0.0359375 0.06171875
2 0.72734375 0.61640625 0.040625 0.0671875
2 0.87265625 0.60078125 0.0453125 0.0734375