1 0.04453125 0.11640625 0.0890625 0.178125
1 0.0625 0.88203125 0.09375 0.17265625
1 0.503125 0.8796875 0.075 0.15625
1 0.478125 0.1 0.075 0.1578125
1 0.921875 0.08984375 0.10859375 0.17265625
1 0.95234375 0.8640625 0.09453125 0.1765625
0 0.28984375 0.4890625 0.04296875 0.0734375
2 0.86328125 0.27109375 0.046875 0.0734375
2 0.696875 0.665625 0.0421875 0.07109375
2 0.5640625 0.5359375 0.0421875 0.071875
2 0.5296875 0.3828125 0.040625 0.071875
2 0.47734375 0.465625 0.040625 0.06953125
2 0.0828125 0.415625 0.04765625 0.07109375
2 0.19296875 0.19453125 0.04296875 0.06875
2 0.27265625 0.2953125 0.04375 0.07734375
2 0.2796875 0.38046875 0.04609375 0.071875
2 0.265625 0.43984375 0.04375 0.0734375
2 0.32265625 0.51640625 0.04296875 0.0734375
2 0.3765625 0.51171875 0.03984375 0.06875
2 0.2921875 0.55625 0.03828125 0.0625
2 0.28046875 0.62265625 0.04296875 0.06875
2 0.134375 0.6125 0.04765625 0.075