1 0.8375 0.16953125 0.08125 0.13125
0 0.8078125 0.2171875 0.0421875 0.071875
2 0.49921875 0.228125 0.0390625 0.0703125
2 0.4921875 0.7359375 0.03828125 0.06953125
0 0.7859375 0.74375 0.040625 0.06875
1 0.81796875 0.7796875 0.07890625 0.13125
1 0.471875 0.78046875 0.05390625 0.121875
1 0.128125 0.775 0.0765625 0.13203125
1 0.121875 0.17421875 0.0765625 0.13125
1 0.478125 0.16875 0.053125 0.1265625
2 0.15703125 0.2046875 0.0453125 0.07421875
2 0.15859375 0.72734375 0.04296875 0.06953125
2 0.7703125 0.21953125 0.04296875 0.071875
2 0.78984375 0.275 0.04375 0.0734375