1 0.16796875 0.1734375 0.07890625 0.12890625
0 0.196875 0.2203125 0.040625 0.07109375
2 0.50546875 0.234375 0.03828125 0.06953125
2 0.503125 0.74140625 0.0375 0.06875
0 0.21015625 0.7484375 0.03984375 0.0671875
1 0.17734375 0.7828125 0.07734375 0.12890625
1 0.52265625 0.7859375 0.0515625 0.1203125
1 0.8671875 0.7828125 0.07421875 0.1296875
1 0.88359375 0.1828125 0.07421875 0.12890625
1 0.528125 0.175 0.05078125 0.12578125
2 0.84765625 0.2125 0.04375 0.0734375
2 0.8375 0.73515625 0.0421875 0.06875
2 0.234375 0.2234375 0.0421875 0.07109375
2 0.2140625 0.2796875 0.04296875 0.07109375