1 0.1765625 0.16640625 0.0828125 0.1296875
0 0.20546875 0.2140625 0.04296875 0.07109375
2 0.5140625 0.23125 0.03984375 0.0703125
2 0.5125 0.7390625 0.0390625 0.06953125
0 0.21875 0.74296875 0.0421875 0.06875
1 0.1859375 0.7765625 0.08125 0.1296875
1 0.53203125 0.78359375 0.05546875 0.12109375
1 0.87578125 0.784375 0.078125 0.13125
1 0.8921875 0.184375 0.078125 0.1296875
1 0.53671875 0.17265625 0.0546875 0.12578125
2 0.85625 0.2140625 0.04609375 0.0734375
2 0.84609375 0.7359375 0.04375 0.06875
2 0.24296875 0.2171875 0.04375 0.07109375
2 0.22265625 0.27265625 0.0453125 0.071875