1 0.884375 0.22734375 0.090625 0.13359375
0 0.85 0.27578125 0.04609375 0.0734375
2 0.4765625 0.25234375 0.0421875 0.071875
2 0.459375 0.81484375 0.0421875 0.07421875
0 0.81640625 0.82578125 0.046875 0.0734375
1 0.85234375 0.86796875 0.08984375 0.1375
1 0.48515625 0.85390625 0.05859375 0.1234375
1 0.12109375 0.83515625 0.08203125 0.1328125
1 0.140625 0.20546875 0.08203125 0.1328125
1 0.5125 0.21640625 0.0578125 0.128125
2 0.178125 0.240625 0.0484375 0.075
2 0.159375 0.80546875 0.0484375 0.078125
2 0.8109375 0.27578125 0.046875 0.075
2 0.83046875 0.33515625 0.0484375 0.075