1 0.13203125 0.2125 0.084375 0.12890625
0 0.16328125 0.2625 0.04296875 0.07109375
2 0.5375 0.25703125 0.0390625 0.07109375
2 0.5296875 0.81953125 0.0390625 0.0734375
0 0.17109375 0.8140625 0.04296875 0.07109375
1 0.13359375 0.8546875 0.08203125 0.1328125
1 0.5015625 0.8578125 0.0515625 0.1203125
1 0.865625 0.8546875 0.07421875 0.1296875
1 0.875 0.22578125 0.07421875 0.12890625
1 0.503125 0.21953125 0.05078125 0.12578125
2 0.83671875 0.25859375 0.04609375 0.0734375
2 0.82890625 0.8234375 0.0453125 0.0765625
2 0.20234375 0.26484375 0.04375 0.0734375
2 0.18046875 0.32265625 0.04609375 0.0734375