1 0.8484375 0.19375 0.09296875 0.1328125
0 0.81796875 0.2453125 0.04765625 0.0734375
2 0.44375 0.259375 0.04375 0.071875
2 0.46796875 0.8203125 0.04375 0.07421875
0 0.8265625 0.79609375 0.0484375 0.0734375
1 0.86484375 0.83515625 0.0921875 0.13671875
1 0.496875 0.85703125 0.0609375 0.1234375
1 0.1328125 0.8734375 0.084375 0.1328125
1 0.10546875 0.2453125 0.084375 0.1328125
1 0.47734375 0.21953125 0.059375 0.128125
2 0.14453125 0.2765625 0.05078125 0.075
2 0.16953125 0.840625 0.05078125 0.078125
2 0.7796875 0.24921875 0.0484375 0.075
2 0.803125 0.30625 0.05078125 0.075