1 0.8484375 0.17265625 0.0859375 0.13203125
0 0.8203125 0.221875 0.0421875 0.0734375
2 0.4578125 0.246875 0.03984375 0.071875
2 0.47578125 0.7765625 0.0390625 0.07109375
0 0.82109375 0.75546875 0.0421875 0.06953125
1 0.85625 0.7890625 0.078125 0.13203125
1 0.503125 0.8109375 0.05390625 0.121875
1 0.15390625 0.82578125 0.07421875 0.13203125
1 0.125 0.21796875 0.0765625 0.13203125
1 0.49140625 0.2078125 0.053125 0.1265625
2 0.16328125 0.2484375 0.0453125 0.0734375
2 0.18671875 0.79609375 0.04375 0.071875
2 0.78359375 0.2265625 0.04296875 0.071875
2 0.80546875 0.28203125 0.04296875 0.07109375