1 0.146875 0.1984375 0.084375 0.12890625
0 0.175 0.246875 0.040625 0.07109375
2 0.5375 0.25703125 0.0390625 0.07109375
2 0.5296875 0.7875 0.03828125 0.06953125
0 0.18359375 0.7796875 0.040625 0.0671875
1 0.14921875 0.815625 0.0765625 0.12890625
1 0.50234375 0.82265625 0.0515625 0.1203125
1 0.85234375 0.8234375 0.071875 0.12890625
1 0.8703125 0.2140625 0.07421875 0.12890625
1 0.503125 0.21953125 0.05078125 0.12578125
2 0.8328125 0.246875 0.04375 0.071875
2 0.81875 0.7953125 0.04296875 0.07109375
2 0.21171875 0.24921875 0.0421875 0.07109375
2 0.19140625 0.30625 0.0421875 0.0703125