1 0.14765625 0.190625 0.0890625 0.13125
0 0.17421875 0.2390625 0.04375 0.0734375
2 0.5359375 0.25078125 0.0421875 0.07109375
2 0.50625 0.78203125 0.040625 0.0703125
0 0.1609375 0.77265625 0.04375 0.06953125
1 0.125 0.8078125 0.08125 0.13125
1 0.47734375 0.8171875 0.05625 0.121875
1 0.8265625 0.81953125 0.07734375 0.13125
1 0.86953125 0.21015625 0.07890625 0.13125
1 0.503125 0.21328125 0.05546875 0.1265625
2 0.83125 0.24296875 0.046875 0.0734375
2 0.79453125 0.790625 0.04609375 0.071875
2 0.21015625 0.2421875 0.0453125 0.071875
2 0.18828125 0.2984375 0.0453125 0.07109375