1 0.10625 0.184375 0.1 0.1453125
0 0.14140625 0.23046875 0.05078125 0.0796875
2 0.53984375 0.2078125 0.04609375 0.078125
2 0.57421875 0.8046875 0.04609375 0.078125
0 0.19453125 0.81875 0.05078125 0.07890625
1 0.159375 0.86328125 0.0953125 0.14765625
1 0.5484375 0.846875 0.06171875 0.1375
1 0.93359375 0.8296875 0.0828125 0.13359375
1 0.8921875 0.1609375 0.09296875 0.14765625
1 0.5015625 0.16875 0.065625 0.14140625
2 0.85625 0.1953125 0.053125 0.08125
2 0.88984375 0.79375 0.05 0.078125
2 0.1828125 0.23203125 0.0515625 0.08125
2 0.1640625 0.2953125 0.0515625 0.0796875