1 0.11953125 0.16171875 0.08984375 0.13984375
0 0.1515625 0.209375 0.04609375 0.07734375
2 0.5515625 0.20078125 0.0421875 0.075
2 0.5453125 0.79765625 0.0421875 0.075
0 0.1640625 0.7984375 0.04609375 0.0765625
1 0.12578125 0.8421875 0.0859375 0.14140625
1 0.51640625 0.8390625 0.053125 0.13359375
1 0.90234375 0.83515625 0.07421875 0.1296875
1 0.9078125 0.16640625 0.0828125 0.14140625
1 0.51640625 0.16015625 0.05546875 0.1390625
2 0.86875 0.2 0.04765625 0.078125
2 0.8609375 0.79765625 0.04609375 0.075
2 0.19375 0.2125 0.046875 0.078125
2 0.1703125 0.27421875 0.046875 0.07734375