1 0.13203125 0.14765625 0.09453125 0.14375
0 0.1625 0.19609375 0.0484375 0.07890625
2 0.56171875 0.19921875 0.04375 0.0765625
2 0.534375 0.79609375 0.04375 0.0765625
0 0.15390625 0.7859375 0.04765625 0.078125
1 0.1140625 0.828125 0.090625 0.1453125
1 0.5046875 0.83671875 0.05625 0.1359375
1 0.890625 0.84375 0.07890625 0.13203125
1 0.91953125 0.17578125 0.0875 0.1453125
1 0.528125 0.1578125 0.0609375 0.13984375
2 0.8796875 0.2078125 0.05 0.0796875
2 0.85078125 0.80546875 0.04765625 0.07734375
2 0.20390625 0.20078125 0.0484375 0.0796875
2 0.17890625 0.2625 0.05 0.078125