1 0.896875 0.18828125 0.0984375 0.1515625
0 0.86015625 0.23515625 0.05 0.08125
2 0.45625 0.20625 0.0453125 0.07890625
2 0.43671875 0.8109375 0.0453125 0.0796875
0 0.825 0.83203125 0.05 0.07890625
1 0.8625 0.8765625 0.0953125 0.1546875
1 0.4640625 0.85625 0.06640625 0.1421875
1 0.0734375 0.8265625 0.084375 0.1421875
1 0.1 0.15546875 0.08984375 0.1484375
1 0.49375 0.16640625 0.06328125 0.140625
2 0.1375 0.190625 0.05390625 0.08125
2 0.11640625 0.7953125 0.05078125 0.07890625
2 0.81875 0.23515625 0.05078125 0.0796875
2 0.83984375 0.30078125 0.05078125 0.07890625