1 0.121875 0.1625 0.090625 0.146875
0 0.15546875 0.21171875 0.04609375 0.07890625
2 0.5609375 0.20703125 0.040625 0.07734375
2 0.5515625 0.81171875 0.040625 0.078125
0 0.16328125 0.81015625 0.04609375 0.07734375
1 0.1234375 0.853125 0.08671875 0.14921875
1 0.521875 0.8546875 0.05859375 0.13984375
1 0.91328125 0.8484375 0.0765625 0.13984375
1 0.91875 0.1765625 0.08203125 0.14375
1 0.52421875 0.16484375 0.05546875 0.1390625
2 0.8796875 0.209375 0.05 0.078125
2 0.871875 0.81484375 0.046875 0.07734375
2 0.19765625 0.2140625 0.046875 0.078125
2 0.1734375 0.278125 0.046875 0.07734375