1 0.8875 0.190625 0.0984375 0.1515625
0 0.85 0.2390625 0.0484375 0.08203125
2 0.44609375 0.2125 0.0453125 0.07890625
2 0.4234375 0.8171875 0.0453125 0.0796875
0 0.8109375 0.8359375 0.05 0.0796875
1 0.8484375 0.88125 0.09453125 0.1546875
1 0.45078125 0.8625 0.065625 0.1421875
1 0.06015625 0.83515625 0.084375 0.1421875
1 0.090625 0.16328125 0.08984375 0.14765625
1 0.484375 0.17265625 0.0625 0.140625
2 0.12734375 0.1984375 0.053125 0.08125
2 0.103125 0.80390625 0.05078125 0.07890625
2 0.8078125 0.2390625 0.05078125 0.08125
2 0.82890625 0.3046875 0.05078125 0.07890625