1 0.11796875 0.1609375 0.090625 0.146875
0 0.15078125 0.2078125 0.04609375 0.07890625
2 0.55546875 0.2 0.040625 0.07734375
2 0.5484375 0.8015625 0.040625 0.078125
0 0.16328125 0.803125 0.04609375 0.07734375
1 0.1234375 0.84453125 0.08671875 0.14921875
1 0.51953125 0.840625 0.05859375 0.13984375
1 0.9078125 0.8328125 0.0765625 0.13984375
1 0.91328125 0.165625 0.08203125 0.14375
1 0.52109375 0.159375 0.05546875 0.1390625
2 0.87421875 0.19765625 0.05 0.078125
2 0.86796875 0.8 0.046875 0.07734375
2 0.19453125 0.2109375 0.046875 0.078125
2 0.17109375 0.27421875 0.04765625 0.07890625