1 0.8625 0.1265625 0.0984375 0.15234375
0 0.8328125 0.175 0.05 0.08203125
2 0.428125 0.19609375 0.0453125 0.0796875
2 0.46171875 0.7953125 0.0453125 0.08125
0 0.8484375 0.7703125 0.05 0.0796875
1 0.88984375 0.809375 0.0953125 0.15546875
1 0.49375 0.8328125 0.06640625 0.14375
1 0.1046875 0.85234375 0.084375 0.14375
1 0.06875 0.18671875 0.08984375 0.14921875
1 0.46015625 0.153125 0.06328125 0.14140625
2 0.109375 0.215625 0.05390625 0.08203125
2 0.14375 0.81640625 0.05078125 0.0796875
2 0.7890625 0.18125 0.05078125 0.08125
2 0.815625 0.24296875 0.0515625 0.08203125