1 0.8859375 0.18359375 0.09453125 0.14921875
0 0.8515625 0.22890625 0.04765625 0.08125
2 0.446875 0.20625 0.04296875 0.07890625
2 0.43671875 0.8078125 0.04296875 0.0796875
0 0.821875 0.8234375 0.04765625 0.07890625
1 0.8609375 0.86640625 0.0921875 0.15234375
1 0.46484375 0.8484375 0.0625 0.14140625
1 0.0765625 0.82734375 0.0796875 0.14140625
1 0.090625 0.159375 0.0859375 0.146875
1 0.4828125 0.1671875 0.059375 0.13984375
2 0.12890625 0.19375 0.0515625 0.0796875
2 0.11796875 0.79609375 0.0484375 0.078125
2 0.8078125 0.23046875 0.0484375 0.0796875
2 0.8296875 0.2953125 0.05 0.0796875