2 0.28046875 0.17421875 0.040625 0.071875
2 0.92265625 0.23125 0.04609375 0.06953125
2 0.93203125 0.3765625 0.04375 0.06875
2 0.88828125 0.39609375 0.040625 0.06640625
2 0.878125 0.478125 0.0421875 0.06953125
2 0.88984375 0.5578125 0.040625 0.07109375
2 0.9109375 0.65234375 0.04296875 0.0671875
2 0.76484375 0.471875 0.040625 0.0671875
2 0.8125 0.38515625 0.0421875 0.0703125
2 0.84296875 0.35078125 0.03984375 0.071875
2 0.634375 0.31796875 0.03984375 0.06953125
2 0.65 0.509375 0.0390625 0.0671875
2 0.5875 0.4984375 0.03984375 0.071875
0 0.9140625 0.725 0.0453125 0.071875
1 0.9515625 0.096875 0.0953125 0.1625
1 0.95859375 0.8703125 0.08203125 0.16328125
1 0.5171875 0.88203125 0.06875 0.159375
1 0.51015625 0.10078125 0.06875 0.1546875
1 0.0640625 0.11015625 0.10078125 0.1640625
1 0.059375 0.8859375 0.1015625 0.171875