2 0.72265625 0.1828125 0.0421875 0.071875
2 0.08125 0.23203125 0.04609375 0.0703125
2 0.07421875 0.378125 0.0453125 0.06953125
2 0.11875 0.39765625 0.0421875 0.06640625
2 0.1296875 0.4796875 0.04296875 0.0703125
2 0.11953125 0.559375 0.0421875 0.07109375
2 0.10078125 0.653125 0.04375 0.06875
2 0.24375 0.475 0.0421875 0.06640625
2 0.19453125 0.3875 0.0421875 0.0703125
2 0.16328125 0.353125 0.040625 0.071875
2 0.3703125 0.321875 0.040625 0.06953125
2 0.35859375 0.5140625 0.03984375 0.0671875
2 0.42109375 0.503125 0.03984375 0.071875
0 0.0984375 0.72578125 0.04609375 0.0734375
1 0.05 0.096875 0.0984375 0.16328125
1 0.05625 0.87109375 0.08515625 0.1640625
1 0.4984375 0.8875 0.07109375 0.16015625
1 0.49140625 0.10703125 0.07109375 0.15546875
1 0.9375 0.1203125 0.10234375 0.16484375
1 0.9515625 0.896875 0.096875 0.17265625