2 0.2828125 0.17265625 0.0421875 0.071875
2 0.9265625 0.22578125 0.04609375 0.06953125
2 0.93828125 0.371875 0.0453125 0.06875
2 0.8953125 0.390625 0.0421875 0.06640625
2 0.88671875 0.4734375 0.04296875 0.06953125
2 0.9 0.553125 0.0421875 0.07109375
2 0.921875 0.646875 0.04375 0.0671875
2 0.77265625 0.46796875 0.0421875 0.06640625
2 0.81953125 0.38046875 0.0421875 0.0703125
2 0.85 0.34609375 0.040625 0.071875
2 0.63984375 0.3140625 0.040625 0.06953125
2 0.659375 0.50625 0.03984375 0.0671875
2 0.59609375 0.49453125 0.03984375 0.071875
0 0.9265625 0.71953125 0.04609375 0.071875
1 0.95234375 0.09140625 0.0953125 0.16328125
1 0.965625 0.865625 0.06875 0.16328125
1 0.5328125 0.8796875 0.07109375 0.159375
1 0.5125 0.0984375 0.07109375 0.1546875
1 0.06640625 0.109375 0.10234375 0.16484375
1 0.075 0.88515625 0.1046875 0.17265625