1 0.12421875 0.22421875 0.09296875 0.13984375
0 0.1546875 0.27109375 0.046875 0.0796875
2 0.54609375 0.2671875 0.04296875 0.07734375
2 0.5203125 0.85078125 0.04296875 0.078125
0 0.15 0.8453125 0.04765625 0.078125
1 0.1109375 0.88515625 0.08515625 0.13984375
1 0.4921875 0.8890625 0.059375 0.13359375
1 0.86484375 0.884375 0.0796875 0.134375
1 0.896875 0.240625 0.08203125 0.13671875
1 0.5125 0.22734375 0.059375 0.128125
2 0.85625 0.27109375 0.05078125 0.07890625
2 0.82890625 0.85390625 0.0484375 0.07734375
2 0.1953125 0.2765625 0.0484375 0.07890625
2 0.17109375 0.3375 0.05 0.07890625