1 0.1296875 0.22578125 0.08984375 0.1390625
0 0.1609375 0.27265625 0.04609375 0.07890625
2 0.55234375 0.27421875 0.040625 0.07734375
2 0.540625 0.85703125 0.040625 0.078125
0 0.16953125 0.84765625 0.04609375 0.07734375
1 0.13125 0.88671875 0.0828125 0.13984375
1 0.51328125 0.8953125 0.05625 0.1328125
1 0.8859375 0.89453125 0.07734375 0.13359375
1 0.903125 0.2515625 0.07890625 0.1359375
1 0.51796875 0.23359375 0.05625 0.1265625
2 0.8625 0.28125 0.05 0.078125
2 0.8484375 0.8640625 0.046875 0.07734375
2 0.2015625 0.27890625 0.046875 0.078125
2 0.17890625 0.33984375 0.04765625 0.07890625