1 0.11015625 0.2453125 0.1 0.14375
0 0.1421875 0.2921875 0.0515625 0.08125
2 0.534375 0.27421875 0.046875 0.07890625
2 0.5390625 0.8578125 0.046875 0.0796875
0 0.16796875 0.865625 0.0515625 0.07890625
1 0.13125 0.90625 0.09296875 0.14453125
1 0.5125 0.896875 0.06640625 0.134375
1 0.88515625 0.8796875 0.08671875 0.1390625
1 0.88359375 0.2359375 0.0890625 0.140625
1 0.4984375 0.2359375 0.06640625 0.1296875
2 0.84453125 0.2671875 0.05546875 0.08125
2 0.84765625 0.85 0.053125 0.07890625
2 0.18359375 0.29609375 0.053125 0.0796875
2 0.16328125 0.3578125 0.05390625 0.08125