1 0.1 0.1546875 0.090625 0.146875
0 0.47265625 0.20078125 0.0421875 0.078125
2 0.54375 0.2015625 0.0421875 0.078125
0 0.12421875 0.76484375 0.04765625 0.0796875
1 0.10390625 0.8453125 0.090625 0.146875
1 0.50078125 0.85546875 0.059375 0.12890625
1 0.8953125 0.8515625 0.084375 0.14375
1 0.90546875 0.16953125 0.0921875 0.14375
1 0.50703125 0.15703125 0.05546875 0.14140625
2 0.51484375 0.78046875 0.0421875 0.078125
2 0.475 0.7875 0.04296875 0.07734375
2 0.1546875 0.19453125 0.0484375 0.0796875
2 0.12578125 0.24765625 0.05 0.08125
0 0.8484375 0.815625 0.04609375 0.0765625