1 0.078125 0.18359375 0.1015625 0.153125
0 0.45234375 0.20546875 0.046875 0.08125
2 0.52421875 0.2015625 0.046875 0.08125
0 0.1484375 0.79140625 0.05390625 0.0828125
1 0.13359375 0.8734375 0.1015625 0.153125
1 0.53046875 0.8578125 0.06953125 0.13203125
1 0.9234375 0.82890625 0.09453125 0.15
1 0.88203125 0.14765625 0.1015625 0.15
1 0.48359375 0.16015625 0.065625 0.14453125
2 0.53828125 0.78203125 0.046875 0.0796875
2 0.49921875 0.79140625 0.04765625 0.07890625
2 0.13515625 0.2203125 0.05390625 0.0828125
2 0.11015625 0.275 0.05546875 0.084375
0 0.8734375 0.7953125 0.05078125 0.07890625