1 0.078125 0.18125 0.1015625 0.1546875
0 0.45234375 0.1953125 0.046875 0.08203125
2 0.52421875 0.1890625 0.046875 0.08203125
0 0.1484375 0.78828125 0.05390625 0.084375
1 0.13359375 0.86953125 0.1015625 0.1546875
1 0.53046875 0.8453125 0.06953125 0.1328125
1 0.9234375 0.80703125 0.09453125 0.1515625
1 0.88203125 0.1265625 0.1015625 0.1515625
1 0.48359375 0.14921875 0.065625 0.1453125
2 0.53828125 0.7703125 0.046875 0.08125
2 0.49921875 0.7796875 0.04765625 0.0796875
2 0.13515625 0.2171875 0.05390625 0.084375
2 0.11015625 0.27265625 0.05546875 0.08515625
0 0.8734375 0.775 0.05078125 0.0796875