1 0.096875 0.1375 0.090625 0.146875
0 0.475 0.18359375 0.04296875 0.0796875
2 0.54765625 0.184375 0.0421875 0.07890625
0 0.12265625 0.75546875 0.0484375 0.07890625
1 0.1015625 0.8375 0.090625 0.146875
1 0.503125 0.84609375 0.059375 0.12890625
1 0.89921875 0.8375 0.084375 0.14375
1 0.909375 0.153125 0.09296875 0.146875
1 0.509375 0.140625 0.05546875 0.14140625
2 0.51796875 0.76796875 0.0421875 0.075
2 0.478125 0.775 0.04296875 0.078125
2 0.153125 0.1765625 0.05 0.0828125
2 0.1234375 0.23125 0.05078125 0.0828125
0 0.853125 0.8015625 0.04609375 0.07734375