1 0.91328125 0.15703125 0.09765625 0.15
0 0.534375 0.1875 0.046875 0.08125
2 0.46171875 0.1859375 0.04609375 0.0796875
0 0.859375 0.7734375 0.053125 0.08125
1 0.8765625 0.85703125 0.09765625 0.15
1 0.475 0.8484375 0.065625 0.13125
1 0.0796875 0.82421875 0.090625 0.14765625
1 0.1015625 0.13984375 0.1 0.15
1 0.5015625 0.14375 0.0625 0.1421875
2 0.4640625 0.7703125 0.0453125 0.0765625
2 0.503125 0.77890625 0.04609375 0.07890625
2 0.85625 0.19375 0.053125 0.084375
2 0.88359375 0.25 0.0546875 0.084375
0 0.12734375 0.78984375 0.05 0.07890625