1 0.87734375 0.1203125 0.1015625 0.153125
0 0.50390625 0.18828125 0.0484375 0.084375
2 0.43125 0.19375 0.04765625 0.08203125
0 0.89921875 0.7390625 0.0546875 0.0828125
1 0.92578125 0.81953125 0.1015625 0.153125
1 0.525 0.8515625 0.06953125 0.1328125
1 0.13046875 0.86640625 0.09453125 0.15
1 0.06875 0.18359375 0.103125 0.153125
1 0.4671875 0.14765625 0.065625 0.1453125
2 0.5046875 0.77421875 0.046875 0.078125
2 0.5453125 0.7796875 0.04765625 0.08203125
2 0.825 0.16328125 0.05546875 0.08671875
2 0.85859375 0.215625 0.0578125 0.08671875
0 0.1734375 0.82734375 0.05078125 0.08125