1 0.0953125 0.13671875 0.090625 0.146875
0 0.4828125 0.184375 0.04375 0.08203125
2 0.55546875 0.1828125 0.04296875 0.08125
0 0.12890625 0.76640625 0.0484375 0.0796875
1 0.109375 0.8484375 0.090625 0.146875
1 0.51484375 0.8546875 0.059375 0.12890625
1 0.91640625 0.84921875 0.084375 0.14375
1 0.92890625 0.146875 0.09453125 0.15234375
1 0.51640625 0.1390625 0.0578125 0.14453125
2 0.52734375 0.77734375 0.0421875 0.078125
2 0.4859375 0.7859375 0.04296875 0.07734375
2 0.17734375 0.22734375 0.05078125 0.084375
2 0.14375 0.1765625 0.05078125 0.08515625
0 0.86796875 0.809375 0.046875 0.078125