1 0.91484375 0.1671875 0.0984375 0.1515625
0 0.525 0.19453125 0.046875 0.084375
2 0.45234375 0.1890625 0.046875 0.0828125
0 0.8484375 0.79375 0.0515625 0.08203125
1 0.86328125 0.8765625 0.0984375 0.1515625
1 0.4578125 0.8625 0.065625 0.13203125
1 0.05703125 0.8359375 0.0921875 0.1484375
1 0.08125 0.13359375 0.10234375 0.15703125
1 0.49375 0.14765625 0.065625 0.146875
2 0.44921875 0.784375 0.0453125 0.0796875
2 0.490625 0.7953125 0.046875 0.07890625
2 0.82734375 0.253125 0.0546875 0.0859375
2 0.8640625 0.2046875 0.05546875 0.0875
0 0.1078125 0.7984375 0.05 0.08125