1 0.0875 0.14375 0.09453125 0.14765625
0 0.475 0.184375 0.04609375 0.08203125
2 0.5484375 0.18203125 0.0453125 0.08125
0 0.125 0.77265625 0.05078125 0.0796875
1 0.10625 0.85546875 0.09453125 0.1484375
1 0.5109375 0.8546875 0.06328125 0.1296875
1 0.9125 0.8421875 0.0890625 0.14453125
1 0.92109375 0.1390625 0.0984375 0.153125
1 0.50859375 0.1390625 0.06171875 0.14453125
2 0.52265625 0.7765625 0.04375 0.07890625
2 0.48203125 0.7859375 0.0453125 0.07734375
2 0.16953125 0.2328125 0.053125 0.084375
2 0.1359375 0.1828125 0.053125 0.0859375
0 0.8640625 0.803125 0.0484375 0.07890625