1 0.06171875 0.15390625 0.10234375 0.15546875
0 0.1015625 0.80625 0.05546875 0.0859375
1 0.08203125 0.89609375 0.10078125 0.1515625
1 0.50390625 0.90390625 0.06328125 0.1375
1 0.91875 0.89921875 0.0875 0.1453125
1 0.91953125 0.18203125 0.09453125 0.153125
1 0.4953125 0.1625 0.0609375 0.1546875
2 0.4625 0.209375 0.0453125 0.0828125
2 0.53828125 0.2109375 0.0453125 0.08203125
2 0.8640625 0.21953125 0.05390625 0.08515625
2 0.9 0.2625 0.05390625 0.084375
0 0.86875 0.85703125 0.0484375 0.08203125
2 0.475 0.8296875 0.04609375 0.0828125
2 0.5171875 0.82265625 0.04609375 0.084375