1 0.94609375 0.1796875 0.10546875 0.16015625
0 0.878125 0.83046875 0.05859375 0.0890625
1 0.89296875 0.92109375 0.1078125 0.15546875
1 0.471875 0.909375 0.06953125 0.140625
1 0.0578125 0.8859375 0.09453125 0.14921875
1 0.08984375 0.16875 0.10234375 0.15703125
1 0.5140625 0.16875 0.06875 0.15703125
2 0.5453125 0.2171875 0.05 0.08515625
2 0.4703125 0.21484375 0.05 0.08515625
2 0.14375 0.20859375 0.05625 0.0875
2 0.10625 0.25 0.0578125 0.08671875
0 0.109375 0.8453125 0.05390625 0.08515625
2 0.50390625 0.83671875 0.05078125 0.08515625
2 0.46171875 0.82734375 0.05 0.0859375