1 0.0671875 0.14609375 0.0984375 0.1546875
0 0.09140625 0.79921875 0.053125 0.08515625
1 0.06953125 0.8890625 0.096875 0.15
1 0.49140625 0.90390625 0.0609375 0.13671875
1 0.90625 0.90703125 0.08515625 0.14453125
1 0.9234375 0.1890625 0.0921875 0.15234375
1 0.50078125 0.1625 0.0578125 0.153125
2 0.46640625 0.20859375 0.04375 0.08203125
2 0.54140625 0.21171875 0.04375 0.08203125
2 0.86796875 0.22578125 0.05078125 0.08515625
2 0.90234375 0.26875 0.0515625 0.084375
0 0.8578125 0.86328125 0.04765625 0.08203125
2 0.4640625 0.8296875 0.0453125 0.08203125
2 0.50703125 0.82265625 0.04375 0.0828125