1 0.92421875 0.1296875 0.1015625 0.1546875
0 0.8859375 0.78046875 0.05390625 0.084375
1 0.909375 0.871875 0.0921875 0.146875
1 0.4859375 0.86875 0.0625 0.13671875
1 0.0765625 0.86015625 0.0859375 0.14453125
1 0.06953125 0.146875 0.09375 0.15234375
1 0.490625 0.134375 0.0609375 0.1484375
2 0.5265625 0.17890625 0.04609375 0.0828125
2 0.4515625 0.17890625 0.04609375 0.084375
2 0.12578125 0.1859375 0.05 0.084375
2 0.090625 0.228125 0.0515625 0.084375
0 0.125 0.82109375 0.0484375 0.0796875
2 0.51484375 0.7984375 0.04609375 0.0796875
2 0.4734375 0.78984375 0.04375 0.08203125