1 0.07421875 0.1296875 0.10078125 0.1546875
0 0.1046875 0.78046875 0.053125 0.08515625
1 0.08046875 0.871875 0.090625 0.146875
1 0.50390625 0.86875 0.0609375 0.13671875
1 0.91328125 0.86015625 0.08515625 0.14453125
1 0.92890625 0.146875 0.0921875 0.15234375
1 0.50859375 0.134375 0.059375 0.1484375
2 0.471875 0.17890625 0.0453125 0.0828125
2 0.546875 0.17890625 0.0453125 0.084375
2 0.871875 0.1859375 0.05 0.084375
2 0.90703125 0.228125 0.0515625 0.084375
0 0.865625 0.82109375 0.04765625 0.0796875
2 0.47578125 0.7984375 0.0453125 0.0796875
2 0.5171875 0.78984375 0.04296875 0.08203125