1 0.92265625 0.1328125 0.10625 0.15703125
0 0.91875 0.784375 0.05546875 0.0859375
1 0.94609375 0.875 0.096875 0.14921875
1 0.52265625 0.87421875 0.065625 0.1390625
1 0.1125 0.86875 0.08984375 0.146875
1 0.06875 0.1546875 0.09765625 0.1546875
1 0.48828125 0.140625 0.065625 0.15
2 0.52734375 0.184375 0.04765625 0.08515625
2 0.45234375 0.1859375 0.04765625 0.08515625
2 0.1265625 0.19375 0.053125 0.0859375
2 0.09296875 0.2359375 0.0546875 0.08515625
0 0.159375 0.82890625 0.05078125 0.08203125
2 0.5484375 0.80390625 0.04765625 0.08203125
2 0.50625 0.79609375 0.04609375 0.0828125