1 0.1140625 0.11328125 0.1078125 0.16015625
0 0.103125 0.76484375 0.05625 0.08515625
1 0.07421875 0.85625 0.10078125 0.1515625
1 0.49921875 0.86796875 0.06953125 0.14375
1 0.9171875 0.878125 0.09375 0.1484375
1 0.94453125 0.16953125 0.1015625 0.15625
1 0.5453125 0.1296875 0.06875 0.15
2 0.5078125 0.175 0.05 0.0859375
2 0.58359375 0.17734375 0.05078125 0.08515625
2 0.909375 0.19453125 0.0578125 0.0890625
2 0.9421875 0.2390625 0.05859375 0.08984375
0 0.86796875 0.83515625 0.05390625 0.0828125
2 0.46796875 0.81796875 0.0484375 0.0828125
2 0.53671875 0.82421875 0.0484375 0.08203125