1 0.0953125 0.13359375 0.09765625 0.15625
0 0.1265625 0.78515625 0.0515625 0.08203125
1 0.103125 0.87734375 0.090625 0.146875
1 0.52890625 0.8671875 0.0609375 0.140625
1 0.94609375 0.85546875 0.08515625 0.14453125
1 0.92890625 0.146875 0.0921875 0.15234375
1 0.52734375 0.128125 0.059375 0.1484375
2 0.49296875 0.175 0.0453125 0.084375
2 0.56875 0.1734375 0.04609375 0.0828125
2 0.8953125 0.1734375 0.0515625 0.0859375
2 0.93046875 0.215625 0.053125 0.08671875
0 0.8953125 0.815625 0.0484375 0.08125
2 0.49375 0.81875 0.04375 0.08125
2 0.56328125 0.82109375 0.04375 0.0796875