1 0.9046875 0.1234375 0.09765625 0.15703125
0 0.8734375 0.775 0.05078125 0.0828125
1 0.896875 0.8671875 0.090625 0.14765625
1 0.47109375 0.86171875 0.0609375 0.14140625
1 0.05390625 0.8546875 0.084375 0.1453125
1 0.07109375 0.1453125 0.0921875 0.153125
1 0.47265625 0.12265625 0.05859375 0.14921875
2 0.50703125 0.16953125 0.0453125 0.08515625
2 0.43125 0.16875 0.04609375 0.084375
2 0.1046875 0.17265625 0.0515625 0.08671875
2 0.06953125 0.21484375 0.053125 0.0875
0 0.1046875 0.8140625 0.0484375 0.08125
2 0.50625 0.81328125 0.04375 0.08125
2 0.43671875 0.81640625 0.04296875 0.08125