1 0.096875 0.12890625 0.1015625 0.1578125
0 0.11171875 0.7703125 0.05390625 0.084375
1 0.0875 0.853125 0.0953125 0.14921875
1 0.5015625 0.85625 0.0640625 0.1421875
1 0.90234375 0.85625 0.0890625 0.146875
1 0.934375 0.15703125 0.0953125 0.1546875
1 0.5234375 0.13671875 0.06328125 0.15
2 0.4859375 0.1828125 0.046875 0.08515625
2 0.5609375 0.1828125 0.04765625 0.08515625
2 0.878125 0.19453125 0.0546875 0.0875
2 0.91328125 0.23515625 0.05546875 0.0890625
0 0.85859375 0.81953125 0.05078125 0.08203125
2 0.46953125 0.809375 0.04609375 0.08203125
2 0.5359375 0.8140625 0.04609375 0.08203125