1 0.09921875 0.12578125 0.10078125 0.159375
0 0.125 0.76640625 0.053125 0.084375
1 0.10234375 0.85078125 0.09453125 0.15
1 0.51640625 0.8421875 0.06328125 0.1421875
1 0.9171875 0.82890625 0.0875 0.14765625
1 0.93671875 0.1296875 0.09453125 0.15546875
1 0.52578125 0.12109375 0.0625 0.15
2 0.4890625 0.16875 0.046875 0.08515625
2 0.56328125 0.1671875 0.04765625 0.08515625
2 0.88125 0.16875 0.0546875 0.0875
2 0.9171875 0.2078125 0.05546875 0.0890625
0 0.87265625 0.79375 0.05 0.08203125
2 0.48359375 0.79609375 0.0453125 0.08203125
2 0.55 0.7984375 0.0453125 0.08203125