1 0.0921875 0.134375 0.09765625 0.15625
0 0.1234375 0.775 0.0515625 0.08203125
1 0.103125 0.85859375 0.090625 0.146875
1 0.5171875 0.85 0.0609375 0.140625
1 0.91796875 0.8375 0.08515625 0.14453125
1 0.9296875 0.1390625 0.0921875 0.15234375
1 0.51875 0.1296875 0.059375 0.1484375
2 0.4828125 0.178125 0.0453125 0.084375
2 0.55625 0.17578125 0.04609375 0.0828125
2 0.875 0.17734375 0.0515625 0.0859375
2 0.9109375 0.2171875 0.053125 0.08671875
0 0.8734375 0.803125 0.0484375 0.08125
2 0.48359375 0.8046875 0.04375 0.08125
2 0.55078125 0.80703125 0.04375 0.0796875