1 0.11796875 0.1078125 0.10859375 0.16328125
0 0.10078125 0.7484375 0.0578125 0.08515625
1 0.075 0.83125 0.1015625 0.153125
1 0.48828125 0.853125 0.0703125 0.14375
1 0.8890625 0.871875 0.0953125 0.1515625
1 0.95 0.17421875 0.0984375 0.159375
1 0.54375 0.134375 0.0703125 0.1515625
2 0.50390625 0.18046875 0.0515625 0.08671875
2 0.578125 0.184375 0.053125 0.0859375
2 0.8953125 0.209375 0.05859375 0.0890625
2 0.928125 0.2515625 0.059375 0.090625
0 0.84609375 0.8328125 0.05546875 0.084375
2 0.4578125 0.80546875 0.05 0.0828125
2 0.52421875 0.81328125 0.0484375 0.0828125