1 0.09296875 0.1359375 0.1 0.15703125
0 0.13203125 0.7765625 0.0515625 0.0828125
1 0.11328125 0.86015625 0.09296875 0.14765625
1 0.52734375 0.85625 0.0625 0.14140625
1 0.928125 0.8484375 0.0859375 0.1453125
1 0.93125 0.14921875 0.09375 0.153125
1 0.5203125 0.1359375 0.0609375 0.14921875
2 0.484375 0.1828125 0.04609375 0.08515625
2 0.55859375 0.18203125 0.046875 0.084375
2 0.8765625 0.1875 0.053125 0.08671875
2 0.91328125 0.22734375 0.05390625 0.0875
0 0.88203125 0.81328125 0.05 0.08125
2 0.49296875 0.8109375 0.0453125 0.08125
2 0.56015625 0.81328125 0.04375 0.08125