1 0.9296875 0.10078125 0.09765625 0.1765625
1 0.96796875 0.87265625 0.05546875 0.1671875
1 0.54765625 0.9109375 0.08125 0.1625
1 0.4921875 0.128125 0.08125 0.15703125
1 0.0515625 0.16484375 0.103125 0.16796875
1 0.090625 0.9234375 0.115625 0.153125
0 0.2 0.77421875 0.046875 0.075
2 0.21796875 0.8328125 0.04609375 0.07734375
2 0.22890625 0.74296875 0.04609375 0.0765625
2 0.26640625 0.73828125 0.04375 0.0765625
2 0.296875 0.77421875 0.0453125 0.07421875
2 0.28359375 0.83125 0.0453125 0.0671875
2 0.25078125 0.7984375 0.04609375 0.06953125
2 0.253125 0.86484375 0.04609375 0.0734375
2 0.25078125 0.4234375 0.04375 0.0703125
2 0.5046875 0.43828125 0.0453125 0.075
2 0.49921875 0.3265625 0.04296875 0.0734375
2 0.69453125 0.3078125 0.0453125 0.07421875
2 0.66171875 0.4390625 0.04375 0.071875
2 0.7484375 0.3359375 0.04375 0.071875
2 0.83671875 0.15859375 0.0484375 0.0703125
2 0.93671875 0.471875 0.0484375 0.06953125