1 0.95703125 0.13203125 0.08515625 0.171875
1 0.96171875 0.90625 0.0765625 0.1625
1 0.52421875 0.9140625 0.06953125 0.15703125
1 0.51875 0.128125 0.06953125 0.153125
1 0.075 0.134375 0.09453125 0.1625
1 0.0671875 0.90703125 0.103125 0.171875
0 0.1859375 0.753125 0.0421875 0.071875
2 0.2 0.81328125 0.040625 0.07421875
2 0.2171875 0.7234375 0.040625 0.0734375
2 0.2546875 0.721875 0.0390625 0.0734375
2 0.2828125 0.759375 0.03984375 0.07109375
2 0.26640625 0.815625 0.03984375 0.065625
2 0.23515625 0.78125 0.0421875 0.0671875
2 0.2328125 0.846875 0.040625 0.0703125
2 0.259375 0.40625 0.0390625 0.0671875
2 0.5109375 0.4390625 0.03984375 0.071875
2 0.51328125 0.3265625 0.03828125 0.0703125
2 0.71015625 0.321875 0.040625 0.07109375
2 0.66796875 0.4515625 0.0390625 0.06953125
2 0.7609375 0.35390625 0.03984375 0.06953125
2 0.8609375 0.1828125 0.04375 0.0671875
2 0.940625 0.50234375 0.0453125 0.06640625