1 0.06484375 0.1078125 0.096875 0.1765625
1 0.0453125 0.88046875 0.06328125 0.1671875
1 0.4703125 0.90703125 0.0796875 0.1609375
1 0.503125 0.121875 0.0796875 0.15703125
1 0.94609375 0.146875 0.10546875 0.16796875
1 0.9265625 0.909375 0.115625 0.1609375
0 0.8140625 0.759375 0.04609375 0.075
2 0.79765625 0.81875 0.0453125 0.07734375
2 0.7828125 0.7296875 0.0453125 0.0765625
2 0.746875 0.72578125 0.04375 0.0765625
2 0.7171875 0.7625 0.0453125 0.07421875
2 0.73125 0.81953125 0.04375 0.06875
2 0.76328125 0.7859375 0.04609375 0.0703125
2 0.7640625 0.85234375 0.04609375 0.0734375
2 0.75234375 0.41015625 0.04375 0.0703125
2 0.5 0.4328125 0.0453125 0.075
2 0.5015625 0.3203125 0.04296875 0.0734375
2 0.30546875 0.3078125 0.0453125 0.07421875
2 0.34296875 0.43828125 0.04375 0.071875
2 0.25234375 0.3375 0.04375 0.071875
2 0.159375 0.1625 0.0484375 0.0703125
2 0.06875 0.47890625 0.0484375 0.06953125