1 0.0828125 0.1375 0.1015625 0.159375
0 0.13125 0.77421875 0.05390625 0.084375
1 0.1125 0.86484375 0.0953125 0.15
1 0.52421875 0.8578125 0.0640625 0.1421875
1 0.92734375 0.85 0.0890625 0.14765625
1 0.91875 0.1515625 0.0953125 0.15546875
1 0.50859375 0.140625 0.06328125 0.15
2 0.47421875 0.1828125 0.046875 0.08515625
2 0.54765625 0.1828125 0.04765625 0.08515625
2 0.86640625 0.1890625 0.0546875 0.0875
2 0.903125 0.23125 0.05546875 0.0890625
0 0.88125 0.8140625 0.05078125 0.08203125
2 0.49140625 0.81171875 0.04609375 0.08203125
2 0.55859375 0.81328125 0.04609375 0.08203125