1 0.0875 0.128125 0.09765625 0.15625
0 0.1171875 0.7640625 0.0515625 0.08203125
1 0.0953125 0.85546875 0.090625 0.146875
1 0.50859375 0.8453125 0.0609375 0.140625
1 0.91171875 0.83515625 0.08515625 0.14453125
1 0.9234375 0.1375 0.0921875 0.15234375
1 0.51328125 0.12890625 0.059375 0.1484375
2 0.478125 0.17109375 0.0453125 0.084375
2 0.5515625 0.17109375 0.04609375 0.0828125
2 0.8703125 0.17578125 0.0515625 0.0859375
2 0.90546875 0.2171875 0.053125 0.08671875
0 0.86640625 0.8 0.0484375 0.08125
2 0.47734375 0.8 0.04375 0.08125
2 0.54375 0.8015625 0.04375 0.0796875