1 0.91796875 0.11875 0.10078125 0.159375
0 0.8734375 0.75625 0.053125 0.084375
1 0.89296875 0.846875 0.09453125 0.15
1 0.48125 0.83671875 0.06328125 0.1421875
1 0.07734375 0.8265625 0.0875 0.14765625
1 0.08125 0.12890625 0.09453125 0.15546875
1 0.4921875 0.1203125 0.0625 0.15
2 0.5265625 0.1625 0.046875 0.08515625
2 0.45390625 0.1625 0.04765625 0.08515625
2 0.134375 0.1671875 0.0546875 0.0875
2 0.0984375 0.2078125 0.05546875 0.0890625
0 0.12421875 0.79140625 0.05 0.08203125
2 0.5125 0.79140625 0.0453125 0.08203125
2 0.44609375 0.7921875 0.0453125 0.08203125