1 0.0875 0.128125 0.09765625 0.15625
0 0.115625 0.76171875 0.0515625 0.08203125
1 0.0953125 0.85546875 0.090625 0.146875
1 0.50859375 0.8453125 0.0609375 0.140625
1 0.91171875 0.83515625 0.08515625 0.14453125
1 0.9234375 0.1375 0.0921875 0.15234375
1 0.51328125 0.12890625 0.059375 0.1484375
2 0.4765625 0.16875 0.0453125 0.084375
2 0.55078125 0.1671875 0.0453125 0.084375
2 0.86796875 0.1734375 0.05078125 0.084375
2 0.90390625 0.21328125 0.05078125 0.084375
0 0.865625 0.7984375 0.0484375 0.08125
2 0.47578125 0.79765625 0.04375 0.08125
2 0.5421875 0.7984375 0.04375 0.0796875