1 0.92890625 0.1640625 0.10625 0.1609375
0 0.89296875 0.7953125 0.05546875 0.08515625
1 0.91171875 0.88984375 0.1 0.1515625
1 0.49921875 0.85625 0.0671875 0.14453125
1 0.09609375 0.82265625 0.09375 0.14921875
1 0.0921875 0.125 0.10078125 0.15703125
1 0.503125 0.140625 0.06875 0.15234375
2 0.5390625 0.1828125 0.05 0.0859375
2 0.46484375 0.1765625 0.0484375 0.0859375
2 0.14765625 0.16484375 0.05546875 0.0859375
2 0.1109375 0.2015625 0.05546875 0.0859375
0 0.1421875 0.78828125 0.05390625 0.0828125
2 0.53203125 0.81015625 0.0484375 0.0828125
2 0.465625 0.8078125 0.04765625 0.0828125