1 0.0796875 0.1359375 0.1015625 0.1578125
0 0.1109375 0.76875 0.05390625 0.0828125
1 0.0921875 0.8625 0.0953125 0.14921875
1 0.5046875 0.8484375 0.0640625 0.14140625
1 0.9078125 0.83359375 0.0890625 0.146875
1 0.915625 0.1359375 0.0953125 0.1546875
1 0.50546875 0.13203125 0.06328125 0.14921875
2 0.46875 0.17265625 0.046875 0.084375
2 0.54296875 0.16953125 0.046875 0.084375
2 0.86015625 0.17265625 0.053125 0.084375
2 0.896875 0.21171875 0.053125 0.084375
0 0.86171875 0.79765625 0.05078125 0.08125
2 0.471875 0.8015625 0.04609375 0.08125
2 0.53828125 0.8015625 0.04609375 0.08125