1 0.86015625 0.11484375 0.10546875 0.15625
0 0.8609375 0.73359375 0.05390625 0.08125
1 0.88359375 0.8140625 0.1 0.146875
1 0.49140625 0.8453125 0.071875 0.14453125
1 0.1078125 0.8734375 0.09765625 0.15234375
1 0.05078125 0.20390625 0.10078125 0.153125
1 0.45078125 0.15546875 0.0703125 0.1484375
2 0.47109375 0.24140625 0.05 0.0828125
2 0.43125 0.24609375 0.05 0.0828125
2 0.10703125 0.2375 0.05625 0.0859375
2 0.07578125 0.28203125 0.0578125 0.0859375
0 0.1484375 0.83515625 0.053125 0.07890625
2 0.5203125 0.79921875 0.04765625 0.0796875
2 0.45625 0.8078125 0.046875 0.0796875