1 0.1125 0.15625 0.09296875 0.1484375
0 0.14375 0.77421875 0.04765625 0.07734375
1 0.12578125 0.85625 0.08671875 0.13984375
1 0.51875 0.853125 0.0609375 0.140625
1 0.90234375 0.84765625 0.08515625 0.14453125
1 0.92421875 0.17421875 0.0875 0.146875
1 0.52265625 0.1609375 0.0578125 0.14453125
2 0.50703125 0.2484375 0.04296875 0.0796875
2 0.546875 0.25 0.04296875 0.07890625
2 0.86953125 0.2125 0.0484375 0.08203125
2 0.903125 0.2546875 0.05 0.08203125
0 0.86015625 0.8140625 0.046875 0.075
2 0.48671875 0.81015625 0.0421875 0.0765625
2 0.5515625 0.81328125 0.040625 0.07734375