1 0.08515625 0.184375 0.10625 0.15546875
0 0.1453125 0.79921875 0.0546875 0.0796875
1 0.13125 0.8828125 0.1 0.1453125
1 0.52265625 0.8546875 0.071875 0.14375
1 0.90703125 0.82421875 0.0984375 0.1515625
1 0.896875 0.15078125 0.1015625 0.15234375
1 0.4953125 0.1625 0.07109375 0.14765625
2 0.48359375 0.2515625 0.05078125 0.08203125
2 0.5234375 0.25078125 0.05078125 0.08203125
2 0.84453125 0.19296875 0.05625 0.08515625
2 0.8796875 0.2328125 0.0578125 0.08515625
0 0.8625 0.79296875 0.05390625 0.078125
2 0.4890625 0.81328125 0.0484375 0.07890625
2 0.55390625 0.81171875 0.04765625 0.07890625