1 0.88203125 0.15703125 0.0953125 0.1515625
0 0.8609375 0.775 0.0484375 0.07890625
1 0.8828125 0.8578125 0.0890625 0.14140625
1 0.4875 0.86015625 0.0625 0.1421875
1 0.10390625 0.85546875 0.08671875 0.146875
1 0.06953125 0.1828125 0.090625 0.1484375
1 0.46875 0.16875 0.0609375 0.146875
2 0.4875 0.25078125 0.04375 0.08125
2 0.446875 0.253125 0.04375 0.08125
2 0.12265625 0.21953125 0.05 0.084375
2 0.090625 0.2609375 0.05078125 0.0828125
0 0.14296875 0.82265625 0.046875 0.078125
2 0.51796875 0.8140625 0.04296875 0.078125
2 0.45390625 0.8171875 0.0421875 0.078125