1 0.11171875 0.15390625 0.09296875 0.1484375
0 0.14375 0.771875 0.04765625 0.07734375
1 0.1234375 0.8546875 0.08671875 0.13984375
1 0.51875 0.853125 0.0609375 0.140625
1 0.90234375 0.84765625 0.08515625 0.14453125
1 0.925 0.17421875 0.0875 0.146875
1 0.525 0.1625 0.0578125 0.14453125
2 0.50859375 0.24453125 0.04296875 0.0796875
2 0.5484375 0.246875 0.04296875 0.07890625
2 0.87265625 0.21171875 0.0484375 0.08203125
2 0.90546875 0.253125 0.05 0.08203125
0 0.8625 0.81484375 0.04609375 0.0765625
2 0.4875 0.80859375 0.0421875 0.0765625
2 0.5515625 0.8109375 0.040625 0.07734375