1 0.1078125 0.1625 0.09765625 0.15234375
0 0.1578125 0.78046875 0.05 0.07890625
1 0.13984375 0.86328125 0.090625 0.1421875
1 0.534375 0.8625 0.0640625 0.1421875
1 0.91796875 0.85625 0.0890625 0.14765625
1 0.92109375 0.1828125 0.09296875 0.14921875
1 0.521875 0.17109375 0.0625 0.146875
2 0.50703125 0.253125 0.0453125 0.08125
2 0.546875 0.25546875 0.0453125 0.08125
2 0.8703125 0.2203125 0.05078125 0.084375
2 0.90390625 0.26171875 0.0515625 0.0828125
0 0.8765625 0.8234375 0.04765625 0.078125
2 0.5015625 0.8171875 0.04375 0.078125
2 0.56640625 0.81953125 0.04296875 0.078125