1 0.0984375 0.14296875 0.09296875 0.1484375
0 0.1375 0.76484375 0.04765625 0.07734375
1 0.11796875 0.8484375 0.08671875 0.13984375
1 0.51484375 0.8390625 0.0609375 0.140625
1 0.896875 0.8265625 0.08203125 0.13984375
1 0.915625 0.15703125 0.0875 0.146875
1 0.51640625 0.14765625 0.0578125 0.14453125
2 0.50078125 0.23359375 0.04296875 0.0796875
2 0.54140625 0.23515625 0.04296875 0.07890625
2 0.86171875 0.19453125 0.0484375 0.08203125
2 0.89453125 0.23515625 0.0484375 0.07890625
0 0.853125 0.79296875 0.0453125 0.0765625
2 0.4828125 0.7953125 0.0421875 0.0765625
2 0.54609375 0.7984375 0.040625 0.07109375