1 0.9109375 0.1359375 0.10078125 0.153125
0 0.83984375 0.75703125 0.0515625 0.0796875
1 0.8546875 0.84140625 0.09453125 0.14453125
1 0.45859375 0.8265625 0.0671875 0.14453125
1 0.07734375 0.81015625 0.0890625 0.14375
1 0.09375 0.140625 0.0953125 0.1515625
1 0.49296875 0.13515625 0.065625 0.146875
2 0.5046875 0.221875 0.046875 0.08203125
2 0.4640625 0.22265625 0.046875 0.08125
2 0.1453125 0.17890625 0.05390625 0.08515625
2 0.1109375 0.21875 0.0515625 0.08203125
0 0.1234375 0.7765625 0.0484375 0.07890625
2 0.49375 0.784375 0.0453125 0.078125
2 0.4296875 0.78671875 0.0453125 0.0734375