1 0.9171875 0.1484375 0.10234375 0.15546875
0 0.8390625 0.76875 0.053125 0.0796875
1 0.853125 0.85234375 0.0953125 0.1453125
1 0.4578125 0.82890625 0.06953125 0.14453125
1 0.07734375 0.80390625 0.090625 0.1453125
1 0.10078125 0.13359375 0.09765625 0.15234375
1 0.5 0.13828125 0.0671875 0.14765625
2 0.5109375 0.22578125 0.04765625 0.0828125
2 0.46953125 0.225 0.04765625 0.08203125
2 0.153125 0.1734375 0.05390625 0.0859375
2 0.11796875 0.2125 0.05390625 0.08203125
0 0.1234375 0.771875 0.05 0.07890625
2 0.49296875 0.7875 0.046875 0.07890625
2 0.42890625 0.78828125 0.04609375 0.07421875