1 0.09296875 0.15390625 0.10078125 0.15
1 0.12578125 0.85 0.096875 0.1515625
1 0.52109375 0.83125 0.06640625 0.13984375
1 0.90546875 0.78828125 0.09296875 0.1484375
1 0.8953125 0.10234375 0.09765625 0.15703125
1 0.50859375 0.146875 0.065625 0.1515625
2 0.53359375 0.2296875 0.0453125 0.0796875
0 0.14296875 0.77109375 0.05078125 0.08125
2 0.48828125 0.790625 0.04375 0.0796875
0 0.86015625 0.77734375 0.046875 0.07734375
2 0.8890625 0.21953125 0.0515625 0.08125
2 0.85546875 0.17890625 0.0515625 0.084375
2 0.49375 0.22890625 0.0453125 0.07890625
2 0.553125 0.79140625 0.0421875 0.07421875