1 0.11015625 0.134375 0.10078125 0.14765625
1 0.0984375 0.8328125 0.096875 0.1484375
1 0.49375 0.84140625 0.0640625 0.1375
1 0.8796875 0.82578125 0.09296875 0.14453125
1 0.9125 0.1390625 0.096875 0.153125
1 0.52421875 0.15703125 0.0640625 0.14921875
2 0.54453125 0.24140625 0.04375 0.07890625
0 0.1203125 0.7546875 0.05 0.07890625
2 0.46328125 0.7984375 0.04296875 0.078125
0 0.834375 0.81171875 0.046875 0.075
2 0.89921875 0.25546875 0.05078125 0.07890625
2 0.86796875 0.21328125 0.05078125 0.08203125
2 0.5046875 0.2375 0.0453125 0.07734375
2 0.52734375 0.80390625 0.0421875 0.0734375