1 0.10625 0.14140625 0.09453125 0.1453125
1 0.11875 0.8390625 0.090625 0.146875
1 0.5140625 0.84140625 0.0609375 0.13671875
1 0.9 0.81875 0.08671875 0.14375
1 0.90859375 0.13203125 0.0921875 0.15234375
1 0.521875 0.15625 0.059375 0.1484375
2 0.54453125 0.240625 0.0421875 0.078125
0 0.13828125 0.7609375 0.04765625 0.07890625
2 0.4828125 0.7984375 0.040625 0.078125
0 0.85390625 0.80546875 0.0453125 0.075
2 0.89921875 0.2484375 0.0484375 0.07890625
2 0.86640625 0.20703125 0.0484375 0.08125
2 0.5046875 0.2375 0.04296875 0.07734375
2 0.546875 0.803125 0.03984375 0.071875