1 0.85546875 0.15625 0.09765625 0.1484375
1 0.83046875 0.8296875 0.09375 0.14921875
1 0.44453125 0.8171875 0.0609375 0.13125
1 0.04296875 0.78984375 0.0859375 0.1453125
1 0.05390625 0.09453125 0.09375 0.1546875
1 0.4625 0.1234375 0.06171875 0.15
2 0.4171875 0.1875 0.04375 0.08125
0 0.49375 0.16484375 0.04296875 0.0796875
2 0.7984375 0.7765625 0.04765625 0.08125
0 0.44453125 0.240625 0.0453125 0.08125
2 0.0984375 0.1375 0.0484375 0.0796875
2 0.834375 0.225 0.04765625 0.0796875
2 0.07265625 0.73203125 0.05 0.0796875
2 0.4453125 0.74140625 0.04375 0.0796875