1 0.15078125 0.13984375 0.0953125 0.1453125
1 0.1640625 0.8140625 0.090625 0.146875
1 0.55 0.81328125 0.05859375 0.12890625
1 0.95390625 0.79765625 0.08671875 0.14375
1 0.953125 0.1015625 0.0921875 0.15234375
1 0.54375 0.11875 0.059375 0.1484375
2 0.5875 0.184375 0.04296875 0.07890625
0 0.51171875 0.159375 0.0421875 0.078125
2 0.196875 0.76171875 0.046875 0.07890625
0 0.56015625 0.2359375 0.04375 0.07890625
2 0.9078125 0.14375 0.04765625 0.078125
2 0.1703125 0.209375 0.046875 0.078125
2 0.9234375 0.73828125 0.0484375 0.078125
2 0.55078125 0.7375 0.04296875 0.078125