1 0.9171875 0.15234375 0.10625 0.15234375
1 0.8734375 0.84921875 0.1015625 0.153125
1 0.4734375 0.84140625 0.06875 0.13203125
1 0.06796875 0.8171875 0.09765625 0.14921875
1 0.1046875 0.1140625 0.10234375 0.159375
1 0.51484375 0.134375 0.0703125 0.1515625
2 0.46796875 0.1984375 0.0484375 0.08125
0 0.54609375 0.17421875 0.04765625 0.08125
2 0.840625 0.79453125 0.0546875 0.08203125
0 0.49296875 0.253125 0.0484375 0.08203125
2 0.1484375 0.15546875 0.05390625 0.0828125
2 0.89375 0.228125 0.05390625 0.08125
2 0.10078125 0.75625 0.053125 0.08125
2 0.478125 0.76328125 0.0484375 0.08203125