1 0.10859375 0.1296875 0.0953125 0.1453125
1 0.1078125 0.82734375 0.090625 0.146875
1 0.50703125 0.8453125 0.05859375 0.12890625
1 0.91328125 0.84765625 0.08671875 0.14375
1 0.92109375 0.14296875 0.0921875 0.15234375
1 0.51171875 0.1375 0.059375 0.1484375
2 0.55390625 0.20390625 0.04375 0.07890625
0 0.47734375 0.175 0.04296875 0.07890625
2 0.14375 0.775 0.05 0.07890625
0 0.52578125 0.25703125 0.04296875 0.07890625
2 0.87578125 0.18125 0.0484375 0.0796875
2 0.1265625 0.20703125 0.0484375 0.078125
2 0.884375 0.784375 0.04765625 0.078125
2 0.5078125 0.7671875 0.04296875 0.0796875