1 0.91171875 0.15 0.103125 0.15
1 0.8796875 0.84765625 0.1 0.1515625
1 0.4796875 0.84453125 0.06640625 0.13125
1 0.0734375 0.82578125 0.0953125 0.14765625
1 0.0984375 0.121875 0.10078125 0.15625
1 0.50859375 0.1375 0.0671875 0.15
2 0.4625 0.2015625 0.04765625 0.08125
0 0.540625 0.1765625 0.046875 0.08125
2 0.8453125 0.79375 0.05390625 0.08125
0 0.48828125 0.25625 0.046875 0.08125
2 0.1421875 0.1625 0.053125 0.08203125
2 0.8890625 0.22734375 0.053125 0.0796875
2 0.10546875 0.7640625 0.0515625 0.0796875
2 0.4828125 0.76640625 0.046875 0.08203125