1 0.08359375 0.11953125 0.0953125 0.1453125
1 0.0890625 0.82890625 0.090625 0.146875
1 0.496875 0.840625 0.05859375 0.12890625
1 0.909375 0.8375 0.08671875 0.14375
1 0.91875 0.1203125 0.0921875 0.15234375
1 0.4984375 0.1171875 0.05859375 0.14453125
2 0.54140625 0.18984375 0.04375 0.07890625
0 0.46328125 0.16171875 0.04296875 0.07890625
2 0.128125 0.77578125 0.05 0.07890625
0 0.5125 0.24453125 0.04296875 0.07890625
2 0.86953125 0.16171875 0.0484375 0.0796875
2 0.10625 0.19921875 0.0484375 0.078125
2 0.8796875 0.775 0.04765625 0.078125
2 0.49609375 0.7625 0.04296875 0.0796875