1 0.07421875 0.12890625 0.1015625 0.14921875
1 0.07578125 0.83828125 0.09765625 0.15
1 0.4828125 0.85234375 0.06328125 0.13125
1 0.8953125 0.85234375 0.09296875 0.146875
1 0.909375 0.134375 0.09765625 0.15546875
1 0.48828125 0.128125 0.0640625 0.146875
2 0.53203125 0.20234375 0.046875 0.0796875
0 0.45390625 0.17265625 0.04609375 0.0796875
2 0.11484375 0.78515625 0.053125 0.08125
0 0.50234375 0.25625 0.04609375 0.08125
2 0.86015625 0.175 0.0515625 0.08125
2 0.0953125 0.20859375 0.0515625 0.0796875
2 0.86640625 0.78828125 0.05078125 0.0796875
2 0.4828125 0.77421875 0.04609375 0.08125