1 0.0921875 0.11328125 0.1 0.1484375
1 0.09296875 0.821875 0.0953125 0.14921875
1 0.50078125 0.846875 0.0625 0.13125
1 0.91328125 0.85625 0.0921875 0.1453125
1 0.9265625 0.1390625 0.0953125 0.1546875
1 0.50625 0.1234375 0.06328125 0.146875
2 0.54921875 0.196875 0.04609375 0.0796875
0 0.47109375 0.16640625 0.0453125 0.0796875
2 0.13203125 0.77109375 0.0515625 0.08125
0 0.5203125 0.25078125 0.0453125 0.08125
2 0.87734375 0.178125 0.05078125 0.08125
2 0.1140625 0.19375 0.05078125 0.0796875
2 0.88359375 0.79140625 0.05 0.0796875
2 0.50078125 0.76875 0.0453125 0.08125