2 0.58125 0.19296875 0.0359375 0.06953125
2 0.6359375 0.2140625 0.03984375 0.07421875
2 0.76640625 0.19609375 0.03984375 0.0703125
2 0.8625 0.434375 0.0453125 0.06953125
2 0.7953125 0.40703125 0.040625 0.06875
2 0.81015625 0.51015625 0.03984375 0.06875
2 0.8421875 0.56328125 0.0453125 0.06953125
2 0.8703125 0.69140625 0.0421875 0.06640625
2 0.81171875 0.7984375 0.04375 0.0734375
2 0.63203125 0.68125 0.040625 0.0671875
2 0.62578125 0.6203125 0.03828125 0.065625
2 0.6125 0.5546875 0.03828125 0.0671875
2 0.653125 0.540625 0.0359375 0.0671875
2 0.56875 0.49921875 0.0375 0.0671875
2 0.6703125 0.484375 0.03984375 0.0671875
0 0.853125 0.503125 0.0453125 0.06953125
1 0.95625 0.1296875 0.08671875 0.16796875
1 0.96171875 0.9015625 0.0765625 0.175
1 0.52265625 0.9125 0.0671875 0.15703125
1 0.5203125 0.1265625 0.065625 0.1546875
1 0.075 0.13671875 0.0953125 0.165625
1 0.0671875 0.90625 0.10234375 0.1703125