2 0.5828125 0.19765625 0.0390625 0.0703125
2 0.6359375 0.2203125 0.04296875 0.075
2 0.76640625 0.20546875 0.04296875 0.07109375
2 0.853125 0.44609375 0.04765625 0.0703125
2 0.78671875 0.4171875 0.04375 0.06953125
2 0.79765625 0.5203125 0.04296875 0.06953125
2 0.828125 0.57421875 0.04765625 0.0703125
2 0.85078125 0.70234375 0.0453125 0.06640625
2 0.78828125 0.809375 0.046875 0.07421875
2 0.6125 0.68671875 0.04375 0.06875
2 0.60859375 0.62578125 0.040625 0.065625
2 0.5984375 0.56015625 0.040625 0.0671875
2 0.63984375 0.54765625 0.0390625 0.06875
2 0.55625 0.503125 0.03984375 0.0671875
2 0.659375 0.49140625 0.04296875 0.0671875
0 0.84140625 0.51484375 0.04765625 0.0703125
1 0.95546875 0.1421875 0.0859375 0.16875
1 0.9328125 0.91328125 0.0828125 0.17265625
1 0.49375 0.915625 0.0734375 0.1578125
1 0.52421875 0.13046875 0.071875 0.15546875
1 0.07890625 0.1296875 0.1015625 0.16796875
1 0.046875 0.89921875 0.09375 0.171875