2 0.5640625 0.1828125 0.03984375 0.07109375
2 0.6203125 0.2 0.04375 0.07734375
2 0.74921875 0.1734375 0.04375 0.0734375
2 0.85625 0.40546875 0.04765625 0.071875
2 0.7875 0.3828125 0.0453125 0.07109375
2 0.80703125 0.48515625 0.04375 0.07109375
2 0.8421875 0.5359375 0.0484375 0.071875
2 0.87578125 0.66171875 0.0453125 0.06953125
2 0.82265625 0.77265625 0.04765625 0.0765625
2 0.6375 0.66640625 0.04375 0.0703125
2 0.628125 0.60625 0.040625 0.06640625
2 0.61171875 0.54140625 0.040625 0.06875
2 0.65234375 0.525 0.03984375 0.06953125
2 0.565625 0.4890625 0.040625 0.06875
2 0.66640625 0.46796875 0.04296875 0.0703125
0 0.85 0.475 0.04765625 0.071875
1 0.9359375 0.0953125 0.0953125 0.17265625
1 0.96484375 0.865625 0.06171875 0.17890625
1 0.53828125 0.90390625 0.0765625 0.1609375
1 0.5 0.1203125 0.07421875 0.1578125
1 0.05546875 0.159375 0.1046875 0.17109375
1 0.0828125 0.91953125 0.1109375 0.16015625