1 0.93046875 0.15078125 0.10234375 0.1484375
1 0.915625 0.8640625 0.09765625 0.14921875
1 0.50078125 0.85234375 0.065625 0.13125
1 0.09140625 0.82265625 0.09375 0.146875
1 0.1125 0.11796875 0.09453125 0.153125
1 0.51640625 0.11796875 0.065625 0.146875
2 0.475 0.20078125 0.046875 0.0796875
0 0.553125 0.175 0.04609375 0.0796875
2 0.87578125 0.8078125 0.05390625 0.084375
0 0.5015625 0.2546875 0.046875 0.0796875
2 0.15703125 0.1578125 0.0515625 0.08125
2 0.90703125 0.228125 0.0515625 0.0796875
2 0.1234375 0.7625 0.0515625 0.0796875
2 0.50234375 0.7703125 0.046875 0.08125