1 0.08359375 0.1359375 0.0953125 0.1453125
1 0.08203125 0.85 0.090625 0.146875
1 0.496875 0.85234375 0.05859375 0.12890625
1 0.90703125 0.83671875 0.08671875 0.14375
1 0.90234375 0.13203125 0.0875 0.15
1 0.4984375 0.1171875 0.05859375 0.14453125
2 0.5375 0.2015625 0.04375 0.07890625
0 0.46015625 0.1734375 0.04296875 0.07890625
2 0.1234375 0.79453125 0.05078125 0.08203125
0 0.509375 0.2546875 0.04296875 0.07890625
2 0.85625 0.1703125 0.0484375 0.0796875
2 0.10546875 0.2140625 0.0484375 0.078125
2 0.8765625 0.775 0.04765625 0.078125
2 0.496875 0.7703125 0.04296875 0.0796875