1 0.0984375 0.1234375 0.10234375 0.15
1 0.0796875 0.83671875 0.09765625 0.1515625
1 0.49375 0.86015625 0.065625 0.13203125
1 0.9046875 0.86640625 0.09375 0.1484375
1 0.91640625 0.1625 0.09453125 0.15546875
1 0.5125 0.12578125 0.065625 0.14765625
2 0.55 0.2125 0.046875 0.08125
0 0.4734375 0.18046875 0.04609375 0.08125
2 0.121875 0.7828125 0.05390625 0.08515625
0 0.521875 0.2640625 0.046875 0.08125
2 0.86953125 0.19765625 0.0515625 0.08203125
2 0.11796875 0.20234375 0.0515625 0.08125
2 0.87578125 0.80390625 0.0515625 0.08125
2 0.496875 0.778125 0.046875 0.08203125