1 0.91484375 0.1078125 0.0984375 0.146875
1 0.90078125 0.8328125 0.09375 0.14765625
1 0.4828125 0.8390625 0.06171875 0.1296875
1 0.07109375 0.83125 0.08984375 0.14375
1 0.0875 0.12109375 0.0921875 0.1515625
1 0.49921875 0.11171875 0.06171875 0.1453125
2 0.4546875 0.1859375 0.0453125 0.07890625
0 0.53203125 0.15546875 0.0453125 0.07890625
2 0.859375 0.77421875 0.053125 0.0828125
0 0.48125 0.2375 0.0453125 0.0796875
2 0.134375 0.1609375 0.05078125 0.08125
2 0.89140625 0.1890625 0.0515625 0.07890625
2 0.1015625 0.76640625 0.05 0.07890625
2 0.484375 0.75625 0.046875 0.0828125