1 0.0828125 0.11796875 0.0953125 0.146875
1 0.0796875 0.84296875 0.090625 0.14765625
1 0.4984375 0.8421875 0.05859375 0.12890625
1 0.909375 0.82734375 0.08671875 0.14375
1 0.909375 0.11640625 0.0875 0.1515625
1 0.4984375 0.11484375 0.05859375 0.14453125
2 0.540625 0.18828125 0.04296875 0.078125
0 0.4640625 0.15859375 0.04296875 0.078125
2 0.12265625 0.78359375 0.05078125 0.08203125
0 0.5125 0.240625 0.04296875 0.07890625
2 0.86171875 0.1578125 0.0484375 0.0796875
2 0.1046875 0.1984375 0.05 0.078125
2 0.88046875 0.7625 0.04765625 0.078125
2 0.4984375 0.75859375 0.0453125 0.08203125