1 0.075 0.12578125 0.0953125 0.1453125
1 0.075 0.8578125 0.090625 0.146875
1 0.49765625 0.8578125 0.0578125 0.13203125
1 0.91328125 0.84453125 0.08671875 0.14375
1 0.9109375 0.128125 0.0875 0.15
1 0.49609375 0.121875 0.05859375 0.14453125
2 0.53984375 0.1984375 0.04375 0.07890625
0 0.46171875 0.1703125 0.04296875 0.07890625
2 0.11796875 0.79765625 0.0515625 0.08203125
0 0.5109375 0.25234375 0.04296875 0.07890625
2 0.8625 0.16875 0.0484375 0.0796875
2 0.1 0.21015625 0.05 0.07890625
2 0.88125 0.7796875 0.05 0.07890625
2 0.49765625 0.775 0.0453125 0.08203125