1 0.94609375 0.16015625 0.1046875 0.1515625
1 0.915625 0.890625 0.10078125 0.15234375
1 0.49375 0.86328125 0.06640625 0.1359375
1 0.07890625 0.8234375 0.096875 0.1484375
1 0.1109375 0.10859375 0.096875 0.15546875
1 0.525 0.128125 0.06875 0.14765625
2 0.478125 0.20234375 0.0484375 0.08203125
0 0.5578125 0.17890625 0.04765625 0.08203125
2 0.875 0.82734375 0.05625 0.08515625
0 0.5046875 0.2578125 0.04765625 0.08203125
2 0.1578125 0.15234375 0.05390625 0.0828125
2 0.91796875 0.2421875 0.0546875 0.08203125
2 0.1140625 0.76015625 0.0546875 0.0828125
2 0.496875 0.78046875 0.05 0.08515625