1 0.93671875 0.13046875 0.10234375 0.14921875
1 0.9015625 0.86171875 0.09765625 0.15
1 0.4796875 0.85234375 0.0640625 0.134375
1 0.065625 0.82890625 0.09375 0.14765625
1 0.10078125 0.1125 0.09453125 0.1546875
1 0.515625 0.11640625 0.065625 0.14765625
2 0.46875 0.1921875 0.046875 0.08125
0 0.5484375 0.16484375 0.04609375 0.08125
2 0.86171875 0.80078125 0.0546875 0.084375
0 0.49453125 0.246875 0.046875 0.08125
2 0.14765625 0.1546875 0.0515625 0.08203125
2 0.9078125 0.21328125 0.05390625 0.08125
2 0.10078125 0.7640625 0.053125 0.08203125
2 0.48359375 0.76875 0.04765625 0.08515625