1 0.0671875 0.15 0.103125 0.14921875
1 0.1234375 0.878125 0.0984375 0.15
1 0.53359375 0.8515625 0.065625 0.14140625
1 0.94375 0.82734375 0.09453125 0.14765625
1 0.91953125 0.10703125 0.1 0.15625
1 0.49375 0.12578125 0.0671875 0.15
2 0.48515625 0.3890625 0.046875 0.07890625
0 0.42421875 0.3140625 0.04765625 0.08125
2 0.421875 0.44609375 0.0484375 0.08203125
0 0.44375 0.3828125 0.046875 0.0796875
2 0.3828125 0.30390625 0.0484375 0.0828125
2 0.465625 0.32265625 0.0484375 0.08203125
2 0.4 0.37421875 0.0484375 0.08125
2 0.4640625 0.45 0.04609375 0.07890625