1 0.0984375 0.115625 0.1046875 0.1515625
1 0.08671875 0.84453125 0.10078125 0.15234375
1 0.49765625 0.8609375 0.0671875 0.14375
1 0.909375 0.87890625 0.096875 0.1484375
1 0.95 0.1609375 0.1 0.15703125
1 0.52578125 0.1359375 0.06875 0.15234375
2 0.4921875 0.396875 0.0484375 0.08125
0 0.43828125 0.315625 0.0484375 0.08203125
2 0.42421875 0.44609375 0.05078125 0.0828125
0 0.4515625 0.3859375 0.0484375 0.08203125
2 0.3984375 0.3 0.05078125 0.08515625
2 0.4796875 0.32734375 0.05 0.0828125
2 0.409375 0.3734375 0.05078125 0.0828125
2 0.465625 0.45390625 0.04765625 0.08125