1 0.07734375 0.1359375 0.0953125 0.1453125
1 0.0953125 0.865625 0.090625 0.146875
1 0.50625 0.8546875 0.05859375 0.13984375
1 0.9171875 0.846875 0.08671875 0.14375
1 0.93046875 0.1265625 0.0921875 0.15234375
1 0.5046875 0.12890625 0.059375 0.1484375
2 0.48203125 0.39140625 0.04375 0.078125
0 0.425 0.3140625 0.04375 0.07890625
2 0.415625 0.44609375 0.04609375 0.0796875
0 0.440625 0.38359375 0.04375 0.07890625
2 0.384375 0.3015625 0.04609375 0.08203125
2 0.46640625 0.3234375 0.0453125 0.0796875
2 0.3984375 0.3734375 0.04609375 0.0796875
2 0.4578125 0.45078125 0.04296875 0.078125