1 0.08203125 0.134375 0.10625 0.1546875
1 0.13046875 0.85234375 0.09765625 0.15625
1 0.540625 0.8328125 0.06328125 0.14140625
1 0.94609375 0.80703125 0.096875 0.15234375
1 0.9328125 0.09140625 0.10234375 0.159375
1 0.50859375 0.11015625 0.065625 0.15
2 0.4953125 0.371875 0.046875 0.07890625
0 0.4359375 0.29765625 0.046875 0.08125
2 0.43203125 0.428125 0.0484375 0.08203125
0 0.45390625 0.36484375 0.046875 0.0796875
2 0.39375 0.2859375 0.0484375 0.0828125
2 0.4765625 0.30625 0.04765625 0.08203125
2 0.4109375 0.3578125 0.0484375 0.08125
2 0.47265625 0.4328125 0.04609375 0.078125