1 0.08515625 0.12890625 0.1 0.15
1 0.10390625 0.8484375 0.090625 0.15234375
1 0.51484375 0.8453125 0.05859375 0.13984375
1 0.92109375 0.8359375 0.090625 0.14921875
1 0.9375 0.1203125 0.096875 0.15625
1 0.5125 0.121875 0.059375 0.1484375
2 0.48828125 0.3828125 0.04375 0.078125
0 0.43125 0.30546875 0.04375 0.07890625
2 0.42265625 0.43671875 0.04609375 0.0796875
0 0.446875 0.37421875 0.04375 0.07890625
2 0.390625 0.29296875 0.04609375 0.08203125
2 0.47265625 0.3171875 0.0453125 0.0796875
2 0.4046875 0.365625 0.04609375 0.0796875
2 0.46328125 0.44296875 0.04296875 0.07734375