1 0.9234375 0.12734375 0.10859375 0.15546875
1 0.8640625 0.84609375 0.1 0.15703125
1 0.453125 0.83671875 0.065625 0.1421875
1 0.0484375 0.81953125 0.096875 0.1546875
1 0.0734375 0.10390625 0.10546875 0.1609375
1 0.49765625 0.1125 0.06875 0.1515625
2 0.50703125 0.37421875 0.04765625 0.0796875
0 0.56796875 0.29765625 0.0484375 0.08203125
2 0.56875 0.42890625 0.05 0.0828125
0 0.5484375 0.36640625 0.04765625 0.08125
2 0.61015625 0.2859375 0.05 0.084375
2 0.5265625 0.30859375 0.05 0.0828125
2 0.59140625 0.35859375 0.05 0.08203125
2 0.528125 0.43515625 0.046875 0.07890625