1 0.8921875 0.1546875 0.10546875 0.15234375
1 0.9046875 0.8640625 0.096875 0.1546875
1 0.496875 0.8765625 0.06328125 0.140625
1 0.09140625 0.8875 0.0953125 0.15
1 0.0484375 0.175 0.09453125 0.15703125
1 0.46953125 0.1546875 0.0640625 0.14921875
2 0.50703125 0.4109375 0.04609375 0.078125
0 0.5578125 0.3234375 0.04609375 0.0796875
2 0.57421875 0.45625 0.04765625 0.08125
0 0.54609375 0.3984375 0.04609375 0.07890625
2 0.59765625 0.3140625 0.046875 0.07890625
2 0.51796875 0.3421875 0.046875 0.08125
2 0.5875 0.3875 0.04765625 0.0796875
2 0.5328125 0.46953125 0.0453125 0.07734375