1 0.1046875 0.16171875 0.1 0.15
1 0.1171875 0.87109375 0.090625 0.15234375
1 0.52421875 0.87578125 0.05859375 0.13984375
1 0.93125 0.88046875 0.090625 0.14921875
1 0.9515625 0.1671875 0.096875 0.15625
1 0.52734375 0.1546875 0.059375 0.1484375
2 0.49921875 0.4109375 0.04375 0.078125
0 0.44453125 0.325 0.04375 0.07890625
2 0.4328125 0.45703125 0.04609375 0.0796875
0 0.45859375 0.39921875 0.04375 0.07890625
2 0.4046875 0.315625 0.0453125 0.07890625
2 0.48515625 0.3421875 0.0453125 0.0796875
2 0.4171875 0.3890625 0.04609375 0.0796875
2 0.475 0.4703125 0.04296875 0.07734375