1 0.87421875 0.146875 0.11015625 0.15625
1 0.8875 0.85625 0.1015625 0.1578125
1 0.4796875 0.8796875 0.06875 0.1421875
1 0.0734375 0.903125 0.10078125 0.1546875
1 0.040625 0.19140625 0.08125 0.1609375
1 0.4515625 0.15859375 0.06953125 0.1515625
2 0.4890625 0.41328125 0.0484375 0.0796875
0 0.53984375 0.32578125 0.0484375 0.08125
2 0.55703125 0.45703125 0.05078125 0.08203125
0 0.5296875 0.4 0.0484375 0.08125
2 0.58046875 0.3140625 0.05 0.08125
2 0.50078125 0.34453125 0.05 0.08203125
2 0.5703125 0.3875 0.05078125 0.08203125
2 0.515625 0.471875 0.04765625 0.07890625