1 0.07890625 0.14609375 0.0953125 0.1453125
1 0.09296875 0.884375 0.090625 0.146875
1 0.5125 0.8765625 0.059375 0.1421875
1 0.91875 0.8703125 0.090625 0.14765625
1 0.9359375 0.159375 0.09453125 0.15234375
1 0.51640625 0.15 0.0609375 0.1421875
0 0.4328125 0.31875 0.04375 0.07890625
0 0.446875 0.3921875 0.0453125 0.0796875
2 0.39140625 0.3078125 0.04609375 0.08125
2 0.40390625 0.38203125 0.04765625 0.0828125
2 0.42109375 0.453125 0.046875 0.0796875
2 0.46328125 0.4640625 0.04375 0.07890625
2 0.48828125 0.40625 0.04375 0.07890625
2 0.47421875 0.33515625 0.04609375 0.07890625