1 0.0609375 0.16875 0.10234375 0.15
1 0.11328125 0.90546875 0.0984375 0.1515625
1 0.53203125 0.87578125 0.0671875 0.14453125
1 0.93671875 0.84765625 0.09765625 0.15234375
1 0.9171875 0.13671875 0.10234375 0.15625
1 0.4984375 0.15 0.06875 0.1453125
0 0.4234375 0.321875 0.04765625 0.08125
0 0.44140625 0.3953125 0.0484375 0.08203125
2 0.38203125 0.31328125 0.05 0.0828125
2 0.39765625 0.3875 0.0515625 0.08515625
2 0.41875 0.4578125 0.05078125 0.08203125
2 0.46171875 0.465625 0.04765625 0.08125
2 0.48359375 0.40703125 0.04765625 0.08125
2 0.465625 0.33671875 0.05 0.08125