1 0.05546875 0.17734375 0.10546875 0.153125
1 0.1203125 0.9140625 0.10078125 0.1546875
1 0.5390625 0.884375 0.06953125 0.146875
1 0.94375 0.85625 0.10078125 0.15546875
1 0.9109375 0.1453125 0.10546875 0.16015625
1 0.4921875 0.15859375 0.0703125 0.14765625
0 0.4203125 0.33125 0.05 0.08203125
0 0.4390625 0.4046875 0.05078125 0.084375
2 0.378125 0.321875 0.05078125 0.08515625
2 0.39609375 0.39609375 0.053125 0.08671875
2 0.41796875 0.46640625 0.0515625 0.084375
2 0.4609375 0.47421875 0.0484375 0.08203125
2 0.48203125 0.415625 0.0484375 0.08203125
2 0.4625 0.34609375 0.05078125 0.0828125