1 0.0578125 0.159375 0.1046875 0.15234375
1 0.1234375 0.89140625 0.10078125 0.153125
1 0.5359375 0.87265625 0.06953125 0.1453125
1 0.9296875 0.853125 0.1 0.1546875
1 0.9078125 0.15546875 0.1046875 0.1578125
1 0.4921875 0.1546875 0.0703125 0.146875
0 0.42265625 0.3234375 0.05 0.08203125
0 0.44921875 0.4015625 0.0484375 0.08125
2 0.3796875 0.315625 0.05078125 0.0828125
2 0.40703125 0.3875 0.05078125 0.0828125
2 0.42109375 0.4625 0.05078125 0.0828125
2 0.46328125 0.471875 0.04765625 0.07890625
2 0.49140625 0.409375 0.0484375 0.08125
2 0.465625 0.3375 0.05 0.08203125