1 0.0921875 0.115625 0.10546875 0.15234375
1 0.059375 0.84765625 0.1015625 0.153125
1 0.471875 0.87265625 0.0703125 0.1453125
1 0.8671875 0.8953125 0.10078125 0.1546875
1 0.93828125 0.20078125 0.10546875 0.1578125
1 0.525 0.15546875 0.07109375 0.146875
0 0.4328125 0.31640625 0.05 0.08203125
0 0.45 0.39609375 0.0484375 0.08125
2 0.39140625 0.30390625 0.05078125 0.0828125
2 0.409375 0.37890625 0.05078125 0.0828125
2 0.41328125 0.45390625 0.05078125 0.0828125
2 0.45390625 0.46875 0.04765625 0.07890625
2 0.490625 0.40859375 0.0484375 0.08125
2 0.47421875 0.334375 0.05 0.08203125