1 0.075 0.1359375 0.0953125 0.1453125
1 0.09296875 0.86796875 0.090625 0.146875
1 0.50625 0.8640625 0.059375 0.1421875
1 0.9015625 0.85859375 0.090625 0.14765625
1 0.92421875 0.16171875 0.09453125 0.15234375
1 0.509375 0.1453125 0.0609375 0.1421875
0 0.42890625 0.31171875 0.0453125 0.07890625
0 0.45078125 0.390625 0.04375 0.078125
2 0.38671875 0.303125 0.04609375 0.0796875
2 0.40859375 0.37578125 0.04609375 0.0796875
2 0.41796875 0.45078125 0.04609375 0.0796875
2 0.46015625 0.4625 0.04375 0.0765625
2 0.4921875 0.4 0.04375 0.078125
2 0.4703125 0.32734375 0.0453125 0.07890625