1 0.93046875 0.146875 0.10625 0.159375
1 0.90546875 0.8765625 0.0984375 0.1609375
1 0.490625 0.88203125 0.0625 0.1421875
1 0.08984375 0.878125 0.09296875 0.1484375
1 0.07890625 0.18203125 0.09765625 0.153125
1 0.49375 0.1578125 0.06328125 0.1421875
0 0.57421875 0.325 0.04609375 0.078125
0 0.5515625 0.4046875 0.0453125 0.078125
2 0.615625 0.315625 0.04609375 0.0796875
2 0.59296875 0.3890625 0.04609375 0.0796875
2 0.5828125 0.46328125 0.04609375 0.0796875
2 0.540625 0.4765625 0.04375 0.078125
2 0.50859375 0.4125 0.04375 0.078125
2 0.53203125 0.340625 0.04609375 0.07890625