1 0.0671875 0.14140625 0.1046875 0.1578125
1 0.07890625 0.871875 0.0953125 0.16015625
1 0.49453125 0.87890625 0.059375 0.1421875
1 0.8953125 0.87734375 0.090625 0.14765625
1 0.91875 0.18125 0.09453125 0.15234375
1 0.503125 0.1546875 0.0609375 0.1421875
0 0.4203125 0.32109375 0.0453125 0.07890625
0 0.4421875 0.4015625 0.04375 0.078125
2 0.37890625 0.31171875 0.04609375 0.0796875
2 0.4 0.3859375 0.04609375 0.0796875
2 0.409375 0.46015625 0.04609375 0.0796875
2 0.4515625 0.4734375 0.04375 0.078125
2 0.48359375 0.409375 0.04375 0.078125
2 0.4625 0.3375 0.0453125 0.07890625