1 0.9453125 0.16171875 0.109375 0.16328125
1 0.9078125 0.89140625 0.1015625 0.1640625
1 0.4921875 0.88203125 0.0640625 0.14453125
1 0.0921875 0.8640625 0.0953125 0.1515625
1 0.09296875 0.1671875 0.1 0.15625
1 0.509375 0.1578125 0.065625 0.14453125
0 0.5859375 0.32734375 0.046875 0.0796875
0 0.56171875 0.40703125 0.046875 0.0796875
2 0.62734375 0.31953125 0.04765625 0.08125
2 0.603125 0.3921875 0.04765625 0.08203125
2 0.5921875 0.4671875 0.04765625 0.08203125
2 0.55 0.478125 0.04609375 0.07890625
2 0.51875 0.41328125 0.04609375 0.07890625
2 0.54375 0.3421875 0.04765625 0.08125