1 0.93671875 0.1125 0.09296875 0.17890625
1 0.96875 0.88125 0.0625 0.16875
1 0.5453125 0.91328125 0.078125 0.16328125
1 0.5 0.12890625 0.07109375 0.1609375
1 0.05625 0.15703125 0.103125 0.165625
1 0.0875 0.91953125 0.10859375 0.1609375
0 0.6109375 0.65 0.04375 0.07109375
2 0.74921875 0.63828125 0.046875 0.0765625
2 0.59765625 0.71015625 0.04375 0.06953125
2 0.59921875 0.42421875 0.03984375 0.0671875
2 0.63125 0.3765625 0.04296875 0.07421875
2 0.565625 0.3125 0.04296875 0.07421875
2 0.39375 0.2 0.04296875 0.0703125
2 0.30390625 0.3484375 0.0453125 0.071875
2 0.35 0.6 0.0421875 0.0703125
2 0.3953125 0.4359375 0.03984375 0.06875
2 0.3140625 0.7078125 0.04296875 0.07109375
2 0.234375 0.7421875 0.04765625 0.07734375
2 0.44765625 0.58125 0.040625 0.0671875
2 0.46484375 0.5140625 0.04296875 0.071875
2 0.4734375 0.44453125 0.04296875 0.07421875
2 0.63125 0.6015625 0.04296875 0.07421875