1 0.94921875 0.10078125 0.0890625 0.1765625
1 0.95390625 0.8703125 0.07421875 0.16796875
1 0.5203125 0.89921875 0.07421875 0.1625
1 0.51171875 0.1140625 0.0671875 0.1609375
1 0.0671875 0.13984375 0.1 0.1640625
1 0.06171875 0.91171875 0.1046875 0.17578125
0 0.5984375 0.6359375 0.0421875 0.07109375
2 0.73671875 0.625 0.04609375 0.0765625
2 0.5828125 0.69609375 0.0421875 0.06953125
2 0.596875 0.41015625 0.0390625 0.0671875
2 0.63125 0.3625 0.040625 0.07421875
2 0.56875 0.2984375 0.040625 0.07421875
2 0.4015625 0.184375 0.0421875 0.0703125
2 0.30546875 0.33203125 0.04296875 0.071875
2 0.3390625 0.584375 0.040625 0.0703125
2 0.3921875 0.4203125 0.0390625 0.06875
2 0.2984375 0.6921875 0.0421875 0.07109375
2 0.21796875 0.72578125 0.04609375 0.07734375
2 0.43828125 0.56640625 0.03984375 0.0671875
2 0.45859375 0.49921875 0.0421875 0.071875
2 0.4703125 0.42890625 0.0421875 0.07421875
2 0.6203125 0.5875 0.0421875 0.07421875