1 0.95703125 0.13125 0.084375 0.1734375
1 0.96015625 0.90078125 0.07734375 0.16484375
1 0.5234375 0.9125 0.0703125 0.159375
1 0.51953125 0.1265625 0.06328125 0.1578125
1 0.075 0.13359375 0.0953125 0.16015625
1 0.065625 0.90625 0.1 0.17265625
0 0.603125 0.65234375 0.03984375 0.06953125
2 0.74140625 0.646875 0.04375 0.07421875
2 0.58671875 0.71171875 0.03984375 0.0671875
2 0.603125 0.4265625 0.0375 0.06640625
2 0.6375 0.3796875 0.0390625 0.071875
2 0.575 0.31328125 0.0390625 0.071875
2 0.409375 0.1921875 0.03984375 0.06875
2 0.31171875 0.3359375 0.040625 0.0703125
2 0.34453125 0.58984375 0.0390625 0.06875
2 0.39921875 0.428125 0.0375 0.0671875
2 0.303125 0.69609375 0.03984375 0.06953125
2 0.221875 0.7265625 0.04375 0.075
2 0.44375 0.57578125 0.03828125 0.06640625
2 0.4640625 0.509375 0.03984375 0.0703125
2 0.4765625 0.43984375 0.03984375 0.071875
2 0.62578125 0.6046875 0.03984375 0.071875