1 0.1125 0.17109375 0.1015625 0.15703125
1 0.12109375 0.89375 0.0921875 0.146875
1 0.53671875 0.89765625 0.059375 0.1421875
1 0.95078125 0.9 0.0921875 0.15
1 0.96015625 0.178125 0.0796875 0.15625
1 0.54140625 0.1625 0.0609375 0.1421875
0 0.5453125 0.27578125 0.0453125 0.08203125
0 0.4859375 0.403125 0.0453125 0.0796875
2 0.48984375 0.328125 0.04375 0.0796875
2 0.45 0.35859375 0.04609375 0.08203125
2 0.44765625 0.4359375 0.0453125 0.0796875
2 0.4875 0.478125 0.04296875 0.078125
2 0.5265625 0.4453125 0.0453125 0.08125
2 0.525 0.36796875 0.0453125 0.0796875