1 0.1046875 0.18515625 0.109375 0.1625
1 0.15078125 0.9078125 0.1 0.15
1 0.565625 0.89921875 0.0671875 0.14453125
1 0.96484375 0.88984375 0.0703125 0.1546875
1 0.9515625 0.16796875 0.0890625 0.159375
1 0.5328125 0.16328125 0.06875 0.14453125
0 0.5421875 0.27734375 0.05 0.084375
0 0.4890625 0.40625 0.0484375 0.08125
2 0.48984375 0.33125 0.04765625 0.08125
2 0.4515625 0.36328125 0.05 0.084375
2 0.453125 0.43984375 0.0484375 0.08203125
2 0.4953125 0.48125 0.04609375 0.07890625
2 0.5328125 0.446875 0.0484375 0.0828125
2 0.52734375 0.3703125 0.04765625 0.08125