1 0.11640625 0.165625 0.10546875 0.16015625
1 0.10390625 0.8890625 0.0953125 0.14921875
1 0.51953125 0.9046875 0.0640625 0.14453125
1 0.9328125 0.91875 0.0953125 0.153125
1 0.96015625 0.196875 0.078125 0.1578125
1 0.5453125 0.16953125 0.065625 0.14453125
0 0.54609375 0.2828125 0.046875 0.084375
0 0.4828125 0.40859375 0.046875 0.08125
2 0.4890625 0.334375 0.04609375 0.08125
2 0.4484375 0.36328125 0.04765625 0.084375
2 0.44375 0.43984375 0.046875 0.08203125
2 0.4828125 0.48359375 0.0453125 0.07890625
2 0.52265625 0.45234375 0.046875 0.0828125
2 0.5234375 0.375 0.046875 0.08125