1 0.94375 0.16953125 0.1125 0.1640625
1 0.896875 0.91015625 0.103125 0.15234375
1 0.4703125 0.88046875 0.07109375 0.1453125
1 0.0609375 0.84375 0.103125 0.15625
1 0.08671875 0.1296875 0.10625 0.1609375
1 0.50859375 0.13828125 0.071875 0.146875
0 0.496875 0.253125 0.05078125 0.0828125
0 0.5484375 0.38359375 0.0515625 0.08203125
2 0.55 0.309375 0.05078125 0.0828125
2 0.5875 0.3421875 0.053125 0.08515625
2 0.58515625 0.41875 0.053125 0.084375
2 0.5421875 0.459375 0.05 0.08125
2 0.5046875 0.4234375 0.05078125 0.0828125
2 0.5109375 0.346875 0.05078125 0.08125