1 0.0703125 0.1546875 0.1078125 0.16328125
1 0.10546875 0.8984375 0.09765625 0.1515625
1 0.53203125 0.89140625 0.065625 0.1453125
1 0.94140625 0.875 0.09765625 0.15546875
1 0.92890625 0.16015625 0.10078125 0.16015625
1 0.50703125 0.146875 0.06640625 0.1453125
0 0.515625 0.2625 0.046875 0.0828125
0 0.46171875 0.38984375 0.04765625 0.08203125
2 0.4625 0.315625 0.046875 0.0828125
2 0.4234375 0.34609375 0.05 0.08515625
2 0.425 0.4234375 0.0484375 0.0828125
2 0.4671875 0.46640625 0.04609375 0.08125
2 0.50546875 0.43203125 0.046875 0.0828125
2 0.50078125 0.35546875 0.046875 0.08125