1 0.08125 0.1390625 0.1015625 0.15703125
1 0.08671875 0.88203125 0.0921875 0.146875
1 0.51328125 0.88203125 0.059375 0.1421875
1 0.9234375 0.87421875 0.0921875 0.15
1 0.93984375 0.159375 0.09453125 0.15546875
1 0.51875 0.1390625 0.0609375 0.1421875
0 0.52265625 0.25390625 0.04375 0.08125
0 0.4640625 0.38046875 0.0453125 0.07890625
2 0.4671875 0.30625 0.0453125 0.0796875
2 0.428125 0.33671875 0.04609375 0.08203125
2 0.425 0.41328125 0.04609375 0.08125
2 0.465625 0.45703125 0.04375 0.07890625
2 0.50546875 0.4234375 0.04375 0.08125
2 0.50390625 0.346875 0.04375 0.07890625