1 0.91484375 0.1296875 0.1078125 0.1625
1 0.928125 0.88203125 0.09765625 0.15
1 0.5015625 0.88359375 0.065625 0.1453125
1 0.090625 0.884375 0.09765625 0.1546875
1 0.05234375 0.1671875 0.10078125 0.159375
1 0.47578125 0.14296875 0.06640625 0.1453125
0 0.47421875 0.25546875 0.04765625 0.08515625
0 0.5375 0.38203125 0.04765625 0.084375
2 0.53203125 0.30703125 0.04765625 0.084375
2 0.57265625 0.33671875 0.05078125 0.0859375
2 0.5765625 0.4140625 0.05078125 0.08515625
2 0.53828125 0.45859375 0.04609375 0.08203125
2 0.49765625 0.4265625 0.046875 0.084375
2 0.496875 0.3484375 0.046875 0.0828125