1 0.94375 0.13203125 0.109375 0.16328125
1 0.921875 0.884375 0.1 0.1515625
1 0.4953125 0.86875 0.0671875 0.1453125
1 0.08515625 0.853125 0.1 0.15546875
1 0.0796875 0.134375 0.10234375 0.16015625
1 0.5046875 0.128125 0.06875 0.1453125
0 0.49765625 0.240625 0.0484375 0.08515625
0 0.55546875 0.36875 0.0484375 0.084375
2 0.553125 0.29375 0.0484375 0.084375
2 0.5921875 0.32578125 0.0515625 0.0859375
2 0.59296875 0.403125 0.0515625 0.08515625
2 0.5515625 0.44609375 0.046875 0.08203125
2 0.51328125 0.41171875 0.04765625 0.084375
2 0.515625 0.334375 0.04765625 0.0828125