1 0.071875 0.13359375 0.1015625 0.15703125
1 0.0796875 0.8859375 0.0921875 0.146875
1 0.50703125 0.87734375 0.059375 0.1421875
1 0.9171875 0.86875 0.0921875 0.15
1 0.93515625 0.15078125 0.09453125 0.15546875
1 0.5109375 0.1375 0.0609375 0.1421875
0 0.515625 0.24921875 0.04375 0.08203125
0 0.45625 0.37734375 0.0453125 0.08203125
2 0.459375 0.30234375 0.0453125 0.08125
2 0.41953125 0.3328125 0.046875 0.0828125
2 0.4171875 0.41015625 0.046875 0.0828125
2 0.4578125 0.45390625 0.04375 0.07890625
2 0.496875 0.4203125 0.04375 0.08125
2 0.4953125 0.34296875 0.0453125 0.08125