1 0.06015625 0.13203125 0.1078125 0.1609375
1 0.09765625 0.87265625 0.09765625 0.15
1 0.5203125 0.86015625 0.065625 0.14453125
1 0.921875 0.840625 0.09765625 0.1546875
1 0.91875 0.1359375 0.10078125 0.1578125
1 0.5 0.128125 0.06640625 0.14453125
0 0.50859375 0.2390625 0.046875 0.0828125
0 0.45390625 0.36640625 0.04765625 0.08125
2 0.459375 0.2859375 0.04765625 0.0828125
2 0.415625 0.31796875 0.05 0.08515625
2 0.41875 0.4203125 0.0484375 0.084375
2 0.46015625 0.4484375 0.046875 0.08125
2 0.496875 0.409375 0.04609375 0.08125
2 0.4984375 0.3171875 0.046875 0.08203125