1 0.06328125 0.12578125 0.1015625 0.15703125
1 0.07109375 0.86640625 0.0921875 0.146875
1 0.49375 0.86875 0.059375 0.1421875
1 0.8953125 0.86328125 0.0921875 0.15
1 0.92109375 0.159375 0.09453125 0.15546875
1 0.503125 0.13671875 0.0609375 0.1421875
0 0.50703125 0.2484375 0.04375 0.08125
0 0.446875 0.3734375 0.0453125 0.0796875
2 0.45546875 0.2921875 0.0453125 0.08203125
2 0.4109375 0.3234375 0.046875 0.0828125
2 0.41015625 0.4265625 0.04609375 0.08203125
2 0.45078125 0.45546875 0.04375 0.0796875
2 0.48828125 0.4171875 0.04296875 0.07890625
2 0.49375 0.3265625 0.04375 0.0796875