1 0.0765625 0.1109375 0.10625 0.1625
1 0.0578125 0.85234375 0.096875 0.15
1 0.48125 0.871875 0.0640625 0.14453125
1 0.8828125 0.88203125 0.096875 0.1546875
1 0.9328125 0.1796875 0.1 0.159375
1 0.515625 0.13984375 0.065625 0.14453125
0 0.515625 0.2515625 0.046875 0.0828125
0 0.4515625 0.37421875 0.04765625 0.08125
2 0.4625 0.29375 0.046875 0.0828125
2 0.4171875 0.3234375 0.05 0.08515625
2 0.4125 0.42578125 0.0484375 0.084375
2 0.45234375 0.45625 0.04609375 0.08125
2 0.49140625 0.4203125 0.0453125 0.0796875
2 0.49921875 0.32890625 0.04609375 0.08203125