1 0.06484375 0.13828125 0.1015625 0.15703125
1 0.0796875 0.88359375 0.0921875 0.146875
1 0.5015625 0.8734375 0.059375 0.1421875
1 0.90625 0.8609375 0.0921875 0.15
1 0.92265625 0.15546875 0.09453125 0.15546875
1 0.5046875 0.1390625 0.0609375 0.1421875
0 0.5109375 0.253125 0.04375 0.08125
0 0.45234375 0.3796875 0.04609375 0.08203125
2 0.46015625 0.2984375 0.0453125 0.0828125
2 0.415625 0.33046875 0.046875 0.084375
2 0.415625 0.4328125 0.046875 0.0796875
2 0.45546875 0.46328125 0.04296875 0.078125
2 0.49375 0.42265625 0.04375 0.07890625
2 0.4984375 0.33203125 0.0453125 0.08203125