1 0.06015625 0.1453125 0.10546875 0.1609375
1 0.096875 0.8890625 0.0953125 0.15
1 0.51796875 0.86484375 0.0640625 0.14453125
1 0.92265625 0.8375 0.0953125 0.1546875
1 0.91875 0.13203125 0.0984375 0.1578125
1 0.5 0.1296875 0.065625 0.14453125
0 0.509375 0.24453125 0.04609375 0.0828125
0 0.4546875 0.37265625 0.04765625 0.0828125
2 0.46015625 0.29140625 0.046875 0.084375
2 0.4171875 0.325 0.0484375 0.0859375
2 0.41953125 0.42734375 0.0484375 0.08203125
2 0.46015625 0.45625 0.0453125 0.0796875
2 0.496875 0.41328125 0.04609375 0.08125
2 0.49921875 0.3234375 0.046875 0.084375