1 0.0796875 0.121875 0.109375 0.1625
1 0.08125 0.8671875 0.1 0.15
1 0.503125 0.86796875 0.0671875 0.1453125
1 0.90859375 0.86484375 0.1 0.1546875
1 0.93671875 0.16015625 0.10234375 0.159375
1 0.5203125 0.13359375 0.06875 0.1453125
0 0.52421875 0.2484375 0.046875 0.084375
0 0.4640625 0.37265625 0.0484375 0.084375
2 0.47265625 0.2921875 0.0484375 0.08515625
2 0.428125 0.32265625 0.0515625 0.08671875
2 0.425 0.425 0.05 0.0828125
2 0.465625 0.45625 0.04609375 0.0796875
2 0.50390625 0.41640625 0.046875 0.08203125
2 0.509375 0.3265625 0.0484375 0.08515625