1 0.9265625 0.15 0.10234375 0.1578125
1 0.90703125 0.88828125 0.09453125 0.159375
1 0.4859375 0.88125 0.0609375 0.1421875
1 0.07890625 0.86875 0.09296875 0.1515625
1 0.0671875 0.15390625 0.09453125 0.15546875
1 0.4890625 0.1453125 0.06171875 0.1421875
0 0.48203125 0.259375 0.04375 0.0796875
0 0.53984375 0.3859375 0.0453125 0.08203125
2 0.53203125 0.30546875 0.0453125 0.08203125
2 0.57578125 0.3375 0.04765625 0.084375
2 0.5765625 0.43984375 0.046875 0.08125
2 0.5359375 0.46796875 0.04296875 0.078125
2 0.4984375 0.428125 0.04296875 0.07890625
2 0.49375 0.33671875 0.04375 0.0796875