1 0.07265625 0.1453125 0.1015625 0.15703125
1 0.0875 0.8828125 0.09375 0.159375
1 0.509375 0.878125 0.059375 0.1421875
1 0.915625 0.86796875 0.0921875 0.15
1 0.93203125 0.153125 0.09453125 0.15546875
1 0.51015625 0.1421875 0.0609375 0.1421875
0 0.51640625 0.25625 0.04375 0.0796875
0 0.4578125 0.3828125 0.0453125 0.08203125
2 0.465625 0.30234375 0.0453125 0.08203125
2 0.42265625 0.334375 0.046875 0.084375
2 0.42109375 0.43671875 0.046875 0.08125
2 0.46171875 0.46484375 0.04375 0.078125
2 0.49921875 0.425 0.04375 0.07890625
2 0.50390625 0.334375 0.04375 0.08125