1 0.090625 0.121875 0.1109375 0.1640625
1 0.0578125 0.86015625 0.103125 0.16484375
1 0.47890625 0.8703125 0.06953125 0.1453125
1 0.8859375 0.87421875 0.10078125 0.15703125
1 0.946875 0.159375 0.103125 0.1609375
1 0.52734375 0.13359375 0.0703125 0.146875
0 0.5265625 0.2484375 0.0484375 0.0828125
0 0.46015625 0.37265625 0.05 0.08515625
2 0.47265625 0.2921875 0.05 0.08515625
2 0.42734375 0.3234375 0.0515625 0.08671875
2 0.4203125 0.425 0.0515625 0.084375
2 0.4578125 0.4546875 0.0484375 0.08125
2 0.4984375 0.41640625 0.0484375 0.08203125
2 0.50859375 0.32578125 0.0484375 0.084375