1 0.09375 0.1390625 0.1078125 0.1640625
1 0.07421875 0.8703125 0.0984375 0.1640625
1 0.49609375 0.88984375 0.0640625 0.146875
1 0.89375 0.90234375 0.096875 0.15546875
1 0.93046875 0.20390625 0.1 0.16015625
1 0.525 0.16640625 0.065625 0.146875
0 0.525 0.2765625 0.046875 0.08125
0 0.46328125 0.396875 0.046875 0.08125
2 0.47421875 0.31875 0.04609375 0.0828125
2 0.42890625 0.346875 0.0484375 0.0859375
2 0.425 0.44765625 0.04765625 0.08203125
2 0.46328125 0.4796875 0.04609375 0.07890625
2 0.50234375 0.4421875 0.0453125 0.08125
2 0.51015625 0.353125 0.04609375 0.08203125