1 0.08671875 0.14375 0.10625 0.159375
1 0.0703125 0.87578125 0.09765625 0.16015625
1 0.4921875 0.878125 0.0640625 0.14375
1 0.890625 0.87421875 0.0953125 0.15234375
1 0.92265625 0.175 0.0984375 0.15625
1 0.5171875 0.1546875 0.065625 0.14375
0 0.51796875 0.2640625 0.04609375 0.07890625
0 0.45703125 0.3875 0.04609375 0.07890625
2 0.4671875 0.3078125 0.04609375 0.08125
2 0.42265625 0.3375 0.0484375 0.084375
2 0.41953125 0.4390625 0.04765625 0.0796875
2 0.4578125 0.46953125 0.0453125 0.07734375
2 0.49609375 0.43046875 0.0453125 0.07890625
2 0.50390625 0.34140625 0.0453125 0.08125