1 0.08125 0.15078125 0.1015625 0.15703125
1 0.0875 0.8828125 0.09375 0.159375
1 0.509375 0.878125 0.059375 0.1421875
1 0.90703125 0.8671875 0.0921875 0.15
1 0.91875 0.1671875 0.09453125 0.15546875
1 0.51328125 0.15390625 0.0609375 0.1421875
0 0.5171875 0.2640625 0.04375 0.078125
0 0.459375 0.3875 0.04375 0.078125
2 0.4671875 0.30859375 0.04375 0.0796875
2 0.4234375 0.3390625 0.046875 0.084375
2 0.4234375 0.440625 0.04609375 0.0796875
2 0.4625 0.4703125 0.04296875 0.07734375
2 0.5 0.43046875 0.04296875 0.07890625
2 0.5046875 0.34140625 0.04296875 0.0796875