1 0.0671875 0.15234375 0.0953125 0.1453125
1 0.08515625 0.8859375 0.090625 0.1421875
1 0.503125 0.8640625 0.0640625 0.14375
1 0.90390625 0.84296875 0.09296875 0.1484375
1 0.91171875 0.14296875 0.0953125 0.153125
1 0.49921875 0.1421875 0.065625 0.14375
0 0.50546875 0.25078125 0.04609375 0.08125
0 0.45 0.378125 0.046875 0.0796875
2 0.45625 0.29765625 0.04609375 0.08125
2 0.41015625 0.321875 0.0484375 0.084375
2 0.509375 0.33671875 0.046875 0.08125
2 0.490625 0.41875 0.0453125 0.07890625
2 0.453125 0.4578125 0.0453125 0.078125
2 0.41328125 0.43125 0.04765625 0.08125