1 0.075 0.1453125 0.0921875 0.14453125
1 0.08828125 0.878125 0.08671875 0.14140625
1 0.50703125 0.8640625 0.059375 0.1421875
1 0.9078125 0.85 0.0890625 0.14765625
1 0.91953125 0.15 0.090625 0.15234375
1 0.50703125 0.1421875 0.0609375 0.1421875
0 0.5125 0.25078125 0.04375 0.0796875
0 0.45625 0.3765625 0.0453125 0.07890625
2 0.46328125 0.29765625 0.04375 0.08125
2 0.4171875 0.32109375 0.046875 0.0828125
2 0.51640625 0.3375 0.0453125 0.0796875
2 0.496875 0.41875 0.04296875 0.078125
2 0.459375 0.45703125 0.04296875 0.07734375
2 0.41953125 0.4296875 0.04609375 0.0796875