1 0.06171875 0.1609375 0.09765625 0.14921875
1 0.096875 0.89453125 0.0921875 0.146875
1 0.51484375 0.8734375 0.065625 0.1453125
1 0.91484375 0.8515625 0.09453125 0.15234375
1 0.90546875 0.1515625 0.096875 0.15703125
1 0.49375 0.15078125 0.06640625 0.1453125
0 0.50234375 0.259375 0.04609375 0.0828125
0 0.44921875 0.3859375 0.046875 0.08203125
2 0.4546875 0.30625 0.046875 0.0828125
2 0.40859375 0.33125 0.05078125 0.0859375
2 0.50859375 0.3453125 0.046875 0.0828125
2 0.49140625 0.42734375 0.0453125 0.0796875
2 0.45546875 0.46640625 0.0453125 0.07890625
2 0.41484375 0.43984375 0.04765625 0.0828125