1 0.9015625 0.13984375 0.103125 0.15703125
1 0.92890625 0.8703125 0.10234375 0.159375
1 0.50859375 0.8828125 0.065625 0.14453125
1 0.103125 0.88359375 0.09453125 0.1515625
1 0.06796875 0.184375 0.096875 0.15625
1 0.47734375 0.1546875 0.06640625 0.14453125
0 0.47578125 0.26328125 0.04609375 0.0796875
0 0.53828125 0.384375 0.046875 0.0796875
2 0.5265625 0.30625 0.046875 0.08203125
2 0.5734375 0.328125 0.0484375 0.084375
2 0.475 0.34765625 0.04609375 0.08125
2 0.49921875 0.42734375 0.04609375 0.0796875
2 0.5375 0.46484375 0.046875 0.07890625
2 0.575 0.43671875 0.04765625 0.08203125