1 0.08671875 0.1484375 0.09765625 0.153125
1 0.0890625 0.8796875 0.096875 0.15546875
1 0.509375 0.8796875 0.059375 0.1421875
1 0.915625 0.86875 0.0890625 0.14765625
1 0.921875 0.16875 0.090625 0.15234375
1 0.5109375 0.15078125 0.0609375 0.1421875
0 0.5171875 0.259375 0.04375 0.07890625
0 0.46015625 0.38359375 0.0453125 0.078125
2 0.46796875 0.30390625 0.04375 0.0796875
2 0.42265625 0.32734375 0.04609375 0.0828125
2 0.521875 0.34375 0.04375 0.0796875
2 0.50078125 0.42421875 0.04375 0.078125
2 0.4640625 0.46328125 0.04375 0.078125
2 0.425 0.4359375 0.04609375 0.08125