1 0.0765625 0.16328125 0.1046875 0.15625
1 0.11328125 0.89375 0.103125 0.1578125
1 0.5328125 0.8796875 0.06640625 0.14453125
1 0.93828125 0.85390625 0.0953125 0.15
1 0.9125 0.1546875 0.09765625 0.15546875
1 0.50078125 0.15078125 0.0671875 0.14453125
0 0.5125 0.25859375 0.046875 0.0796875
0 0.4609375 0.384375 0.04765625 0.0796875
2 0.46484375 0.30546875 0.04765625 0.08203125
2 0.4203125 0.3296875 0.0484375 0.084375
2 0.5203125 0.34296875 0.046875 0.08125
2 0.503125 0.42421875 0.046875 0.0796875
2 0.46796875 0.46484375 0.04765625 0.07890625
2 0.42734375 0.43828125 0.0484375 0.08203125