2 0.71328125 0.60390625 0.040625 0.06953125
2 0.696875 0.40546875 0.040625 0.06875
2 0.6375 0.3796875 0.0390625 0.0703125
2 0.575 0.31328125 0.03984375 0.07109375
2 0.625 0.4703125 0.040625 0.06875
2 0.603125 0.4234375 0.0390625 0.0640625
2 0.47734375 0.43984375 0.03828125 0.0671875
2 0.39921875 0.428125 0.03828125 0.065625
2 0.334375 0.29765625 0.03984375 0.07109375
2 0.303125 0.69453125 0.03984375 0.06953125
2 0.221875 0.72734375 0.04296875 0.0765625
2 0.44609375 0.57578125 0.0375 0.065625
2 0.465625 0.51171875 0.0390625 0.0671875
2 0.58671875 0.68828125 0.03984375 0.07109375
2 0.70390625 0.71875 0.0421875 0.07109375
0 0.69375 0.65546875 0.040625 0.06953125
1 0.95625 0.12578125 0.08671875 0.1703125
1 0.96015625 0.90390625 0.075 0.16484375
1 0.5234375 0.915625 0.065625 0.165625
1 0.51875 0.12421875 0.0671875 0.1578125
1 0.075 0.13125 0.1046875 0.15703125
1 0.06796875 0.91328125 0.10234375 0.16484375