2 0.70546875 0.6265625 0.0453125 0.0734375
2 0.703125 0.428125 0.0453125 0.071875
2 0.6453125 0.396875 0.04375 0.07421875
2 0.5875 0.3265625 0.0453125 0.075
2 0.6265625 0.4859375 0.0453125 0.071875
2 0.60859375 0.43828125 0.04296875 0.0671875
2 0.48125 0.44375 0.04296875 0.0703125
2 0.4046875 0.42578125 0.0421875 0.06875
2 0.3484375 0.290625 0.04375 0.075
2 0.28984375 0.684375 0.0453125 0.0734375
2 0.20703125 0.709375 0.04765625 0.07890625
2 0.440625 0.5765625 0.0421875 0.06875
2 0.4640625 0.51484375 0.04296875 0.07109375
2 0.5734375 0.70078125 0.0453125 0.075
2 0.68828125 0.740625 0.04609375 0.075
0 0.6828125 0.6765625 0.04609375 0.0734375
1 0.965625 0.16875 0.06875 0.17578125
1 0.93046875 0.9296875 0.0859375 0.140625
1 0.49375 0.91796875 0.07734375 0.1640625
1 0.5453125 0.13359375 0.078125 0.16328125
1 0.1015625 0.103125 0.1140625 0.16484375
1 0.0484375 0.88203125 0.096875 0.17265625