2 0.29765625 0.60859375 0.0421875 0.0703125
2 0.31015625 0.4109375 0.0421875 0.06953125
2 0.36953125 0.3859375 0.03984375 0.07109375
2 0.43046875 0.32109375 0.040625 0.071875
2 0.38359375 0.4765625 0.0421875 0.06953125
2 0.40390625 0.43046875 0.03984375 0.065625
2 0.53046875 0.44921875 0.0390625 0.0671875
2 0.6078125 0.43828125 0.03828125 0.065625
2 0.67109375 0.309375 0.03984375 0.071875
2 0.709375 0.70703125 0.040625 0.0703125
2 0.790625 0.740625 0.04375 0.07734375
2 0.5640625 0.58515625 0.03828125 0.065625
2 0.54375 0.52109375 0.03984375 0.06875
2 0.425 0.69609375 0.040625 0.071875
2 0.309375 0.72421875 0.0421875 0.071875
0 0.3171875 0.6609375 0.0421875 0.0703125
1 0.04609375 0.1265625 0.0890625 0.171875
1 0.05546875 0.9046875 0.07734375 0.165625
1 0.49296875 0.9203125 0.06875 0.159375
1 0.4828125 0.1328125 0.06953125 0.159375
1 0.928125 0.14765625 0.10625 0.159375
1 0.94765625 0.92265625 0.1046875 0.1546875