1 0.0890625 0.1421875 0.09765625 0.153125
1 0.0890625 0.871875 0.096875 0.15546875
1 0.509375 0.86953125 0.059375 0.1421875
1 0.915625 0.8609375 0.0890625 0.14765625
1 0.921875 0.15703125 0.090625 0.15234375
1 0.5125 0.1453125 0.0609375 0.1421875
0 0.5171875 0.2515625 0.04296875 0.08125
0 0.46015625 0.375 0.04375 0.0796875
2 0.46796875 0.29609375 0.04375 0.0796875
2 0.421875 0.31953125 0.04609375 0.08203125
2 0.521875 0.3359375 0.0453125 0.08125
2 0.5 0.41640625 0.04296875 0.078125
2 0.46328125 0.45546875 0.04296875 0.078125
2 0.4234375 0.4265625 0.04609375 0.0796875