1 0.11640625 0.1125 0.11015625 0.16328125
1 0.07890625 0.840625 0.11015625 0.1640625
1 0.4984375 0.8578125 0.071875 0.14765625
1 0.9046875 0.86875 0.1015625 0.1546875
1 0.94765625 0.165625 0.1046875 0.16015625
1 0.53984375 0.134375 0.0734375 0.1484375
0 0.5390625 0.24140625 0.05 0.084375
0 0.475 0.36171875 0.05078125 0.0828125
2 0.4875 0.2828125 0.05078125 0.084375
2 0.43984375 0.3046875 0.053125 0.0859375
2 0.53828125 0.32578125 0.05078125 0.084375
2 0.51328125 0.4046875 0.0484375 0.08203125
2 0.475 0.4421875 0.0484375 0.08125
2 0.43671875 0.4109375 0.0515625 0.084375