1 0.1078125 0.12109375 0.10625 0.159375
1 0.065625 0.84921875 0.10546875 0.16015625
1 0.48515625 0.86640625 0.06875 0.14453125
1 0.890625 0.87734375 0.096875 0.15234375
1 0.93828125 0.17421875 0.1 0.15703125
1 0.5296875 0.14375 0.06953125 0.1453125
0 0.5296875 0.25 0.046875 0.0828125
0 0.46484375 0.3703125 0.04765625 0.08203125
2 0.47734375 0.29140625 0.04765625 0.08203125
2 0.4296875 0.31328125 0.05078125 0.084375
2 0.528125 0.334375 0.0484375 0.0828125
2 0.5015625 0.41328125 0.046875 0.0796875
2 0.46328125 0.45078125 0.046875 0.0796875
2 0.425 0.4203125 0.05 0.08203125