1 0.9296875 0.17109375 0.103125 0.1578125
1 0.9 0.90703125 0.10234375 0.16015625
1 0.478125 0.884375 0.065625 0.1453125
1 0.0734375 0.85546875 0.09453125 0.15234375
1 0.09453125 0.15546875 0.096875 0.15703125
1 0.5015625 0.159375 0.065625 0.1546875
0 0.49296875 0.2671875 0.04609375 0.0828125
0 0.5453125 0.39296875 0.04609375 0.08203125
2 0.540625 0.31328125 0.046875 0.0828125
2 0.5859375 0.3390625 0.0484375 0.084375
2 0.4859375 0.3515625 0.04609375 0.08125
2 0.503125 0.4328125 0.04609375 0.08125
2 0.5390625 0.4734375 0.04609375 0.07890625
2 0.5796875 0.446875 0.04765625 0.0828125