1 0.090625 0.1328125 0.10234375 0.15546875
1 0.08984375 0.8703125 0.10234375 0.15625
1 0.5125 0.8765625 0.065625 0.14375
1 0.9171875 0.87578125 0.09375 0.1484375
1 0.925 0.175 0.096875 0.153125
1 0.5171875 0.15078125 0.065625 0.15234375
0 0.52265625 0.259375 0.04609375 0.08125
0 0.46484375 0.38125 0.04609375 0.0796875
2 0.4734375 0.3015625 0.046875 0.08125
2 0.4265625 0.32421875 0.04765625 0.08203125
2 0.52578125 0.34453125 0.04609375 0.07890625
2 0.50546875 0.4234375 0.04609375 0.07890625
2 0.46796875 0.46171875 0.0453125 0.078125
2 0.42890625 0.43203125 0.04765625 0.08125