1 0.08125 0.13984375 0.09765625 0.153125
1 0.08125 0.87734375 0.096875 0.15546875
1 0.503125 0.8765625 0.059375 0.1421875
1 0.90859375 0.86875 0.0890625 0.14765625
1 0.91640625 0.16796875 0.090625 0.15234375
1 0.509375 0.15078125 0.059375 0.1515625
0 0.5140625 0.25859375 0.04375 0.0796875
0 0.45625 0.38203125 0.04375 0.07890625
2 0.4640625 0.30234375 0.0453125 0.0796875
2 0.41796875 0.32578125 0.04609375 0.08203125
2 0.5171875 0.34375 0.04375 0.07890625
2 0.496875 0.4234375 0.04375 0.07890625
2 0.459375 0.4625 0.04296875 0.07734375
2 0.4203125 0.43359375 0.04609375 0.08125