2 0.60078125 0.6609375 0.0390625 0.071875
2 0.66484375 0.78203125 0.0421875 0.075
2 0.67265625 0.6234375 0.0421875 0.07109375
2 0.6484375 0.5375 0.040625 0.06953125
2 0.7046875 0.4546875 0.0421875 0.0671875
2 0.6828125 0.40859375 0.0390625 0.07109375
2 0.61328125 0.43671875 0.040625 0.071875
2 0.64765625 0.4140625 0.0390625 0.0734375
2 0.6203125 0.49765625 0.040625 0.0703125
2 0.68046875 0.5140625 0.03984375 0.0703125
2 0.65234375 0.475 0.03984375 0.065625
2 0.7265625 0.7171875 0.03984375 0.07109375
2 0.6546875 0.7109375 0.04296875 0.0734375
2 0.7015625 0.80390625 0.04375 0.071875
0 0.690625 0.740625 0.040625 0.07109375
2 0.19765625 0.26640625 0.04375 0.0671875
1 0.04296875 0.13046875 0.0859375 0.16796875
1 0.03359375 0.89921875 0.0671875 0.16875
1 0.4640625 0.9203125 0.07109375 0.1578125
1 0.4796875 0.13671875 0.0703125 0.15546875
1 0.92109375 0.15 0.1015625 0.1640625
1 0.9203125 0.91796875 0.10546875 0.1640625