2 0.39140625 0.65 0.03828125 0.07109375
2 0.3265625 0.7703125 0.040625 0.07421875
2 0.31953125 0.61171875 0.0421875 0.0703125
2 0.3453125 0.52578125 0.03984375 0.06875
2 0.28984375 0.4421875 0.040625 0.0671875
2 0.31328125 0.396875 0.03828125 0.0703125
2 0.38203125 0.4265625 0.03984375 0.07109375
2 0.34765625 0.403125 0.03828125 0.071875
2 0.37421875 0.48671875 0.03984375 0.06953125
2 0.31328125 0.5015625 0.0390625 0.06953125
2 0.3421875 0.46328125 0.0390625 0.0640625
2 0.26484375 0.7046875 0.0390625 0.0703125
2 0.3375 0.69921875 0.0421875 0.071875
2 0.28984375 0.7921875 0.04296875 0.07109375
0 0.30078125 0.728125 0.03984375 0.0703125
2 0.79921875 0.26328125 0.04375 0.0671875
1 0.95625 0.1296875 0.08671875 0.1671875
1 0.96015625 0.89921875 0.07421875 0.16875
1 0.525 0.9125 0.06953125 0.15703125
1 0.51875 0.128125 0.06953125 0.15546875
1 0.07734375 0.13359375 0.1 0.1625
1 0.06953125 0.9078125 0.1046875 0.1734375