2 0.60625 0.65546875 0.0390625 0.071875
2 0.66875 0.77734375 0.0421875 0.075
2 0.678125 0.61875 0.04296875 0.07109375
2 0.6546875 0.5328125 0.040625 0.06953125
2 0.7109375 0.45 0.0421875 0.0671875
2 0.6890625 0.40390625 0.0390625 0.07109375
2 0.61953125 0.43125 0.040625 0.071875
2 0.65390625 0.409375 0.0390625 0.0734375
2 0.62578125 0.49296875 0.040625 0.0703125
2 0.68671875 0.50859375 0.03984375 0.0703125
2 0.6578125 0.4703125 0.03984375 0.0640625
2 0.73125 0.7125 0.03984375 0.07109375
2 0.659375 0.70625 0.04296875 0.0734375
2 0.7046875 0.79921875 0.04375 0.071875
0 0.6953125 0.7359375 0.040625 0.07109375
2 0.2046875 0.25859375 0.0453125 0.0671875
1 0.05 0.121875 0.0890625 0.16875
1 0.03515625 0.890625 0.0703125 0.1703125
1 0.46796875 0.91484375 0.071875 0.1578125
1 0.4875 0.13125 0.07109375 0.15625
1 0.92890625 0.146875 0.1015625 0.16484375
1 0.92265625 0.915625 0.1078125 0.16796875