0 0.771875 0.559375 0.0421875 0.06953125
1 0.52109375 0.1375 0.0703125 0.1453125
1 0.08203125 0.1515625 0.08671875 0.1328125
1 0.07734375 0.89296875 0.0875 0.134375
1 0.525 0.89921875 0.06875 0.1375
1 0.959375 0.13984375 0.078125 0.13984375
1 0.9625 0.890625 0.075 0.1484375
2 0.28984375 0.446875 0.0390625 0.0640625
2 0.315625 0.3921875 0.03828125 0.0671875
2 0.38125 0.390625 0.03828125 0.065625
2 0.31328125 0.5140625 0.03828125 0.06953125
2 0.35 0.53125 0.0390625 0.071875
2 0.35234375 0.5984375 0.03984375 0.06328125
2 0.428125 0.61171875 0.0375 0.06328125
2 0.62421875 0.434375 0.03828125 0.06953125
2 0.778125 0.21171875 0.03828125 0.0671875
2 0.778125 0.49765625 0.03828125 0.06640625
2 0.74140625 0.51875 0.0421875 0.06875
2 0.73671875 0.58125 0.03984375 0.0640625
2 0.76640625 0.62734375 0.03984375 0.0609375
2 0.8015625 0.60859375 0.03828125 0.065625
2 0.80390625 0.53984375 0.040625 0.07109375