0 0.234375 0.5390625 0.046875 0.071875
1 0.50703125 0.134375 0.0828125 0.15
1 0.94453125 0.17578125 0.09765625 0.1390625
1 0.9109375 0.915625 0.0984375 0.140625
1 0.4625 0.89375 0.0796875 0.14140625
1 0.06953125 0.10859375 0.090625 0.1453125
1 0.0421875 0.85703125 0.05625 0.153125
2 0.721875 0.45703125 0.04375 0.06640625
2 0.6984375 0.4015625 0.04296875 0.06953125
2 0.63359375 0.39609375 0.04375 0.0671875
2 0.69453125 0.5234375 0.04296875 0.071875
2 0.65703125 0.5375 0.0453125 0.075
2 0.65078125 0.6046875 0.0453125 0.065625
2 0.575 0.61328125 0.0421875 0.065625
2 0.38828125 0.4234375 0.04375 0.071875
2 0.246875 0.19140625 0.04375 0.0703125
2 0.23125 0.4765625 0.04375 0.06875
2 0.2671875 0.5 0.046875 0.07109375
2 0.26796875 0.56328125 0.0453125 0.06640625
2 0.2359375 0.60703125 0.0453125 0.0625
2 0.20234375 0.5859375 0.04375 0.0671875
2 0.203125 0.5171875 0.04609375 0.07421875