0 0.21484375 0.54921875 0.0453125 0.07109375
1 0.48203125 0.12578125 0.0765625 0.1484375
1 0.9203125 0.1375 0.0921875 0.1359375
1 0.8953125 0.87890625 0.09296875 0.1375
1 0.446875 0.8875 0.0734375 0.140625
1 0.04453125 0.13125 0.0828125 0.1421875
1 0.025 0.88046875 0.05 0.1515625
2 0.7015625 0.434375 0.0421875 0.065625
2 0.67734375 0.3796875 0.040625 0.06875
2 0.61171875 0.378125 0.040625 0.06640625
2 0.67421875 0.5015625 0.040625 0.07109375
2 0.6375 0.51875 0.0421875 0.07421875
2 0.63125 0.58515625 0.04296875 0.0640625
2 0.55546875 0.6 0.03984375 0.0640625
2 0.36640625 0.4234375 0.040625 0.07109375
2 0.221875 0.2015625 0.040625 0.06953125
2 0.2109375 0.4875 0.040625 0.0671875
2 0.24609375 0.50859375 0.0453125 0.0703125
2 0.2484375 0.57109375 0.04296875 0.065625
2 0.2171875 0.6171875 0.0421875 0.06171875
2 0.1828125 0.5984375 0.040625 0.06640625
2 0.1828125 0.53046875 0.04375 0.0734375