1 0.86953125 0.14296875 0.08984375 0.1296875
1 0.8546875 0.8171875 0.0859375 0.1375
1 0.47265625 0.8234375 0.05625 0.1265625
1 0.09140625 0.821875 0.084375 0.1359375
1 0.0875 0.153125 0.0890625 0.1390625
1 0.47734375 0.153125 0.05625 0.13671875
0 0.82734375 0.76171875 0.04609375 0.075
0 0.84296875 0.23125 0.0484375 0.075
2 0.115625 0.2203125 0.05 0.078125
2 0.12734375 0.78984375 0.04765625 0.07734375
2 0.49375 0.765625 0.0421875 0.0765625
2 0.46484375 0.23125 0.04375 0.07421875
2 0.81015625 0.39375 0.04609375 0.0765625
2 0.784375 0.34296875 0.04765625 0.078125