1 0.115625 0.15078125 0.09375 0.1328125
1 0.1421875 0.8234375 0.08984375 0.13984375
1 0.52421875 0.8171875 0.0609375 0.12890625
1 0.9046875 0.8015625 0.08671875 0.13984375
1 0.89765625 0.1328125 0.09296875 0.14140625
1 0.50703125 0.146875 0.059375 0.1375
0 0.16875 0.7671875 0.04765625 0.07734375
0 0.14375 0.2375 0.05078125 0.07734375
2 0.87109375 0.2015625 0.0515625 0.0796875
2 0.86875 0.771875 0.05 0.07890625
2 0.50234375 0.759375 0.04375 0.07734375
2 0.521875 0.22421875 0.04609375 0.0765625
2 0.17890625 0.39921875 0.04765625 0.078125
2 0.2046875 0.34765625 0.0484375 0.0796875