1 0.12890625 0.13828125 0.0875 0.12890625
1 0.1359375 0.81171875 0.08515625 0.13671875
1 0.5171875 0.82109375 0.05546875 0.128125
1 0.89921875 0.82109375 0.08203125 0.1359375
1 0.9109375 0.15234375 0.08671875 0.1375
1 0.5203125 0.15 0.0546875 0.13671875
0 0.1640625 0.75703125 0.0453125 0.075
0 0.1546875 0.2265625 0.04765625 0.075
2 0.88203125 0.21953125 0.05 0.078125
2 0.86328125 0.7890625 0.046875 0.07734375
2 0.49765625 0.7625 0.0421875 0.0765625
2 0.5328125 0.228125 0.04375 0.07421875
2 0.1859375 0.3890625 0.04609375 0.0765625
2 0.21171875 0.33828125 0.046875 0.07890625