1 0.15546875 0.159375 0.08203125 0.12890625
1 0.1671875 0.803125 0.0796875 0.13203125
1 0.53046875 0.79296875 0.05390625 0.11875
1 0.89921875 0.77578125 0.0796875 0.13203125
1 0.89921875 0.14140625 0.07890625 0.1296875
1 0.528125 0.15 0.05390625 0.128125
0 0.17890625 0.24921875 0.0453125 0.07421875
0 0.19296875 0.746875 0.04296875 0.07109375
2 0.871875 0.2046875 0.04609375 0.07421875
2 0.5125 0.7375 0.03984375 0.07109375
2 0.21484375 0.2734375 0.0453125 0.071875
2 0.1859375 0.31875 0.0453125 0.071875
2 0.5390625 0.2265625 0.040625 0.071875
2 0.86328125 0.74765625 0.0453125 0.07421875