1 0.8640625 0.178125 0.08984375 0.1328125
1 0.8265625 0.81953125 0.0875 0.1359375
1 0.4640625 0.790625 0.0609375 0.12109375
1 0.09609375 0.7546875 0.0890625 0.1359375
1 0.121875 0.1203125 0.0875 0.13359375
1 0.4921875 0.14921875 0.0625 0.13125
0 0.83671875 0.26640625 0.0484375 0.0765625
0 0.803125 0.7625 0.046875 0.0734375
2 0.14609375 0.1859375 0.05 0.0765625
2 0.48359375 0.73671875 0.04375 0.0734375
2 0.8 0.28828125 0.0484375 0.07421875
2 0.82734375 0.33515625 0.0484375 0.07421875
2 0.47734375 0.225 0.0453125 0.07421875
2 0.13203125 0.728125 0.05 0.0765625