1 0.825 0.12734375 0.0890625 0.134375
1 0.84453125 0.7703125 0.08671875 0.1375
1 0.48046875 0.7859375 0.0609375 0.121875
1 0.11171875 0.79453125 0.0875 0.1375
1 0.08203125 0.1609375 0.08671875 0.1359375
1 0.45234375 0.14453125 0.06171875 0.13203125
0 0.80625 0.21796875 0.04765625 0.07734375
0 0.815625 0.715625 0.04609375 0.07421875
2 0.1109375 0.2234375 0.0484375 0.07734375
2 0.4953125 0.7296875 0.04296875 0.07421875
2 0.771875 0.2453125 0.04765625 0.075
2 0.803125 0.28828125 0.04765625 0.075
2 0.4453125 0.22109375 0.04375 0.075
2 0.14609375 0.7640625 0.0484375 0.07734375