1 0.14765625 0.165625 0.08203125 0.125
1 0.15625 0.80625 0.0796875 0.13203125
1 0.5203125 0.8015625 0.053125 0.1203125
1 0.8828125 0.78984375 0.07421875 0.13203125
1 0.88984375 0.1609375 0.08203125 0.1328125
1 0.521875 0.1625 0.05390625 0.128125
0 0.1703125 0.253125 0.0453125 0.075
0 0.18359375 0.7515625 0.04296875 0.06953125
2 0.8625 0.225 0.0453125 0.07421875
2 0.503125 0.746875 0.0390625 0.0703125
2 0.17734375 0.32265625 0.04609375 0.0734375
2 0.20625 0.278125 0.04609375 0.0734375
2 0.5328125 0.23828125 0.040625 0.0734375
2 0.846875 0.7609375 0.04375 0.07109375