1 0.83671875 0.14765625 0.08984375 0.12890625
1 0.8734375 0.7875 0.0875 0.1359375
1 0.509375 0.8015625 0.0609375 0.121875
1 0.146875 0.809375 0.08203125 0.134375
1 0.09609375 0.18203125 0.08984375 0.13671875
1 0.4640625 0.16328125 0.0625 0.13125
0 0.82109375 0.2359375 0.05 0.07734375
0 0.8421875 0.73515625 0.04765625 0.07109375
2 0.128125 0.24375 0.05 0.0765625
2 0.52265625 0.746875 0.04296875 0.07109375
2 0.81875 0.30625 0.05 0.075
2 0.7859375 0.26328125 0.05 0.075
2 0.4578125 0.240625 0.0453125 0.075
2 0.18046875 0.77890625 0.04765625 0.0734375