1 0.84453125 0.16015625 0.0859375 0.12578125
1 0.83984375 0.8 0.084375 0.1328125
1 0.47578125 0.8015625 0.05546875 0.1203125
1 0.1125 0.796875 0.078125 0.1328125
1 0.10234375 0.16796875 0.0859375 0.13359375
1 0.4703125 0.1625 0.0578125 0.12890625
0 0.82265625 0.24765625 0.046875 0.075
0 0.81171875 0.746875 0.0453125 0.0703125
2 0.1296875 0.23125 0.046875 0.07421875
2 0.4921875 0.746875 0.040625 0.0703125
2 0.815625 0.3171875 0.04765625 0.0734375
2 0.7859375 0.2734375 0.04765625 0.0734375
2 0.459375 0.2390625 0.04296875 0.0734375
2 0.1484375 0.7671875 0.04609375 0.07109375