1 0.1421875 0.1578125 0.0875 0.1359375
1 0.14375 0.7984375 0.084375 0.1328125
1 0.5109375 0.8078125 0.0609375 0.1234375
1 0.8875 0.81328125 0.0859375 0.1390625
1 0.9 0.16171875 0.09296875 0.13984375
1 0.51875 0.15546875 0.0578125 0.12890625
0 0.17109375 0.19921875 0.0453125 0.075
0 0.17109375 0.746875 0.04375 0.07109375
2 0.871875 0.2234375 0.05 0.07734375
2 0.5203125 0.73671875 0.0421875 0.071875
2 0.21015625 0.20703125 0.046875 0.075
2 0.18671875 0.2640625 0.04609375 0.07421875
2 0.5296875 0.23359375 0.04296875 0.0734375
2 0.85234375 0.78125 0.04765625 0.075