1 0.15078125 0.15 0.084375 0.13359375
1 0.15234375 0.79140625 0.0796875 0.13203125
1 0.51953125 0.80546875 0.05625 0.1234375
1 0.896875 0.8140625 0.08203125 0.13671875
1 0.909375 0.16328125 0.0890625 0.1375
1 0.52734375 0.153125 0.05390625 0.128125
0 0.1796875 0.1921875 0.04296875 0.07421875
0 0.1796875 0.740625 0.0421875 0.07109375
2 0.88046875 0.22578125 0.04765625 0.07734375
2 0.52890625 0.734375 0.03984375 0.07109375
2 0.21875 0.20078125 0.0453125 0.075
2 0.19609375 0.25703125 0.04375 0.0734375
2 0.53828125 0.23125 0.040625 0.0734375
2 0.8609375 0.7828125 0.04609375 0.075