1 0.165625 0.13515625 0.08984375 0.1390625
1 0.15625 0.7765625 0.0859375 0.13671875
1 0.52265625 0.79765625 0.0625 0.125
1 0.9 0.8125 0.0875 0.140625
1 0.9234375 0.1625 0.0953125 0.1421875
1 0.5421875 0.14453125 0.0609375 0.13125
0 0.19375 0.178125 0.04609375 0.0765625
0 0.184375 0.7265625 0.04609375 0.0734375
2 0.89375 0.2234375 0.0515625 0.07890625
2 0.5328125 0.72578125 0.04296875 0.0734375
2 0.2328125 0.18671875 0.0484375 0.07734375
2 0.209375 0.24375 0.04765625 0.0765625
2 0.5515625 0.22265625 0.0453125 0.075
2 0.8640625 0.78046875 0.0484375 0.07734375