1 0.15625 0.171875 0.0859375 0.13671875
1 0.146875 0.8015625 0.08203125 0.13203125
1 0.50625 0.8234375 0.0578125 0.1234375
1 0.86875 0.83671875 0.0828125 0.13359375
1 0.89375 0.2140625 0.078125 0.1296875
1 0.525 0.1890625 0.0546875 0.1234375
0 0.18515625 0.2234375 0.04375 0.07421875
0 0.17265625 0.7546875 0.04375 0.0703125
2 0.85546875 0.24140625 0.04609375 0.07421875
2 0.51640625 0.7546875 0.03984375 0.0703125
2 0.22265625 0.22734375 0.04375 0.071875
2 0.2 0.2859375 0.04609375 0.0703125
2 0.8390625 0.7875 0.04609375 0.0703125
2 0.53359375 0.26640625 0.03984375 0.0703125