1 0.1578125 0.17109375 0.084375 0.1359375
1 0.15546875 0.8 0.0796875 0.13203125
1 0.515625 0.82109375 0.05625 0.1234375
1 0.87890625 0.83203125 0.08125 0.13359375
1 0.896875 0.209375 0.07734375 0.1296875
1 0.5265625 0.18671875 0.05390625 0.1234375
0 0.1875 0.22265625 0.04296875 0.07421875
0 0.18125 0.753125 0.04296875 0.0703125
2 0.85859375 0.2359375 0.04609375 0.075
2 0.525 0.7515625 0.0390625 0.07109375
2 0.225 0.22578125 0.04296875 0.0734375
2 0.20390625 0.284375 0.0453125 0.0703125
2 0.8484375 0.78203125 0.0453125 0.0703125
2 0.53671875 0.2640625 0.03984375 0.07109375