1 0.86171875 0.19921875 0.09296875 0.140625
1 0.8421875 0.82734375 0.0875 0.13671875
1 0.48203125 0.825 0.0640625 0.12578125
1 0.11796875 0.8125 0.08984375 0.1390625
1 0.12265625 0.18984375 0.08515625 0.134375
1 0.49296875 0.19140625 0.0625 0.1265625
0 0.83125 0.24921875 0.046875 0.07734375
0 0.81875 0.77890625 0.046875 0.0734375
2 0.159375 0.21953125 0.05 0.078125
2 0.475 0.75625 0.04296875 0.0734375
2 0.79375 0.24921875 0.046875 0.0765625
2 0.8125 0.309375 0.0484375 0.0734375
2 0.15078125 0.76484375 0.05 0.0734375
2 0.4796875 0.2671875 0.04375 0.07421875