1 0.14296875 0.16484375 0.09453125 0.13984375
1 0.128125 0.79765625 0.0859375 0.13671875
1 0.49375 0.82734375 0.06171875 0.1203125
1 0.85 0.8453125 0.08203125 0.1375
1 0.8796875 0.23125 0.08203125 0.1375
1 0.51484375 0.19296875 0.0609375 0.13125
0 0.1703125 0.21328125 0.046875 0.0765625
0 0.1578125 0.74765625 0.04609375 0.071875
2 0.8421875 0.25703125 0.04765625 0.0765625
2 0.50390625 0.75625 0.0421875 0.0734375
2 0.209375 0.21796875 0.04765625 0.07734375
2 0.1859375 0.275 0.046875 0.0734375
2 0.52265625 0.2703125 0.04375 0.07421875
2 0.8203125 0.7953125 0.04609375 0.07109375