1 0.1359375 0.165625 0.090625 0.13671875
1 0.1296875 0.8 0.0828125 0.13359375
1 0.4953125 0.8109375 0.059375 0.11875
1 0.85078125 0.81015625 0.07890625 0.134375
1 0.8734375 0.19375 0.07890625 0.1359375
1 0.5078125 0.175 0.05625 0.1296875
0 0.16484375 0.21328125 0.0453125 0.075
0 0.1578125 0.7484375 0.04375 0.07109375
2 0.83671875 0.221875 0.0453125 0.075
2 0.503125 0.7390625 0.03984375 0.07109375
2 0.20390625 0.215625 0.04609375 0.0765625
2 0.18046875 0.27421875 0.04375 0.071875
2 0.5171875 0.2515625 0.040625 0.071875
2 0.8203125 0.7609375 0.04375 0.07109375