1 0.1296875 0.1734375 0.0875 0.134375
1 0.1296875 0.8078125 0.0796875 0.13203125
1 0.49609375 0.81640625 0.05625 0.1171875
1 0.8515625 0.8140625 0.0765625 0.1328125
1 0.86640625 0.19765625 0.0765625 0.13359375
1 0.5015625 0.18046875 0.05390625 0.128125
0 0.1578125 0.22109375 0.04375 0.07421875
0 0.1578125 0.75625 0.04296875 0.0703125
2 0.8296875 0.22578125 0.04375 0.0734375
2 0.503125 0.74453125 0.0390625 0.07109375
2 0.196875 0.2234375 0.0453125 0.07421875
2 0.175 0.28203125 0.04296875 0.07109375
2 0.51171875 0.2578125 0.03984375 0.071875
2 0.82109375 0.76484375 0.04296875 0.06953125