1 0.853125 0.1546875 0.09453125 0.1390625
1 0.88984375 0.790625 0.0859375 0.1359375
1 0.5203125 0.815625 0.0625 0.1203125
1 0.1703125 0.8390625 0.08515625 0.13671875
1 0.1203125 0.22265625 0.08515625 0.13359375
1 0.484375 0.18828125 0.0609375 0.13125
0 0.82890625 0.20390625 0.046875 0.075
0 0.85859375 0.73984375 0.046875 0.0734375
2 0.1578125 0.25078125 0.04765625 0.07734375
2 0.5125 0.7484375 0.0421875 0.071875
2 0.790625 0.20859375 0.046875 0.07734375
2 0.815625 0.26484375 0.04765625 0.075
2 0.47734375 0.26171875 0.04375 0.0734375
2 0.196875 0.7875 0.046875 0.071875