1 0.1203125 0.18515625 0.09453125 0.13984375
1 0.146875 0.82109375 0.0859375 0.13671875
1 0.51640625 0.8078125 0.06171875 0.1203125
1 0.86796875 0.79453125 0.084375 0.13671875
1 0.85625 0.175 0.08515625 0.13359375
1 0.490625 0.17890625 0.0609375 0.13125
0 0.15 0.23125 0.046875 0.075
0 0.17265625 0.7671875 0.046875 0.0734375
2 0.82109375 0.2078125 0.04765625 0.07734375
2 0.51796875 0.740625 0.0421875 0.0734375
2 0.18828125 0.23125 0.046875 0.078125
2 0.16875 0.290625 0.04765625 0.0765625
2 0.5046875 0.2515625 0.04375 0.0734375
2 0.83515625 0.7453125 0.04609375 0.071875