1 0.1296875 0.1734375 0.0875 0.134375
1 0.12578125 0.8109375 0.0796875 0.13203125
1 0.49609375 0.81640625 0.05625 0.1171875
1 0.846875 0.821875 0.078125 0.1328125
1 0.86484375 0.203125 0.078125 0.1296875
1 0.49921875 0.1875 0.05390625 0.128125
0 0.15625 0.22109375 0.04296875 0.0734375
0 0.1546875 0.75859375 0.04375 0.07109375
2 0.828125 0.2328125 0.04375 0.075
2 0.50078125 0.74921875 0.03828125 0.07109375
2 0.19453125 0.22421875 0.04375 0.075
2 0.17265625 0.28203125 0.04375 0.0734375
2 0.509375 0.2609375 0.03984375 0.07109375
2 0.8171875 0.771875 0.04296875 0.0703125