1 0.11171875 0.1921875 0.0890625 0.1359375
1 0.12578125 0.8265625 0.0859375 0.134375
1 0.49296875 0.81640625 0.0625 0.11875
1 0.84921875 0.7984375 0.084375 0.1359375
1 0.85 0.17890625 0.08515625 0.1328125
1 0.4859375 0.18359375 0.0609375 0.1296875
0 0.14375 0.23671875 0.046875 0.07421875
0 0.153125 0.77265625 0.04609375 0.071875
2 0.81484375 0.2109375 0.04765625 0.075
2 0.4984375 0.74375 0.0421875 0.071875
2 0.1828125 0.2375 0.04765625 0.0765625
2 0.1609375 0.29765625 0.046875 0.071875
2 0.49765625 0.2578125 0.04375 0.0734375
2 0.8171875 0.75 0.046875 0.07109375