1 0.8671875 0.17265625 0.0859375 0.134375
1 0.87109375 0.80703125 0.0828125 0.1328125
1 0.5046875 0.81640625 0.059375 0.11796875
1 0.14765625 0.81796875 0.08125 0.13359375
1 0.1296875 0.19765625 0.08125 0.13125
1 0.49296875 0.18359375 0.05625 0.12890625
0 0.83671875 0.21875 0.0453125 0.0734375
0 0.8421875 0.7546875 0.04296875 0.07109375
2 0.16484375 0.228125 0.04609375 0.07421875
2 0.496875 0.74453125 0.03984375 0.07109375
2 0.79765625 0.22109375 0.0453125 0.075
2 0.82109375 0.2796875 0.0453125 0.07109375
2 0.48359375 0.2578125 0.040625 0.071875
2 0.17890625 0.76640625 0.0453125 0.0703125