1 0.12578125 0.17890625 0.0828125 0.13359375
1 0.1296875 0.81328125 0.0796875 0.13203125
1 0.49609375 0.81640625 0.05625 0.1171875
1 0.85234375 0.81171875 0.078125 0.1328125
1 0.8640625 0.19140625 0.078125 0.1296875
1 0.50078125 0.18359375 0.05390625 0.128125
0 0.15703125 0.225 0.04375 0.0734375
0 0.1578125 0.7609375 0.0421875 0.07109375
2 0.82890625 0.221875 0.0453125 0.0734375
2 0.503125 0.74453125 0.0390625 0.07109375
2 0.19609375 0.2265625 0.04375 0.075
2 0.1734375 0.2859375 0.04375 0.07109375
2 0.51015625 0.2578125 0.03984375 0.071875
2 0.82109375 0.7609375 0.04375 0.06953125