1 0.1109375 0.19765625 0.0921875 0.1390625
1 0.13984375 0.82578125 0.0875 0.13671875
1 0.503125 0.81015625 0.0640625 0.12109375
1 0.85859375 0.7796875 0.08671875 0.1375
1 0.85 0.15703125 0.08671875 0.134375
1 0.48046875 0.178125 0.0625 0.13203125
0 0.1421875 0.240625 0.04765625 0.075
0 0.1640625 0.77421875 0.046875 0.071875
2 0.8140625 0.1921875 0.05 0.07734375
2 0.50703125 0.7359375 0.04296875 0.07421875
2 0.1625 0.30234375 0.04765625 0.0734375
2 0.18203125 0.24140625 0.0484375 0.0765625
2 0.49609375 0.24921875 0.0453125 0.075
2 0.8265625 0.73125 0.04765625 0.07421875