1 0.8734375 0.18125 0.0859375 0.1359375
1 0.85234375 0.8109375 0.0828125 0.1328125
1 0.4890625 0.81328125 0.059375 0.11796875
1 0.13359375 0.8015625 0.08125 0.13359375
1 0.134375 0.178125 0.08125 0.13125
1 0.50390625 0.18046875 0.05625 0.12890625
0 0.8421875 0.225 0.04375 0.0734375
0 0.82734375 0.759375 0.04296875 0.0703125
2 0.1703125 0.21171875 0.046875 0.07421875
2 0.48359375 0.740625 0.0390625 0.071875
2 0.82421875 0.28828125 0.0453125 0.0703125
2 0.803125 0.228125 0.0453125 0.07421875
2 0.48984375 0.253125 0.040625 0.0734375
2 0.165625 0.7515625 0.04375 0.07109375