1 0.13125 0.1796875 0.0828125 0.13359375
1 0.1375 0.809375 0.0796875 0.13203125
1 0.50078125 0.81640625 0.05625 0.1171875
1 0.85625 0.809375 0.078125 0.1328125
1 0.86953125 0.1859375 0.078125 0.1296875
1 0.50078125 0.18359375 0.05390625 0.128125
0 0.1609375 0.22421875 0.04296875 0.071875
0 0.16328125 0.75859375 0.0421875 0.06953125
2 0.8328125 0.21796875 0.04609375 0.07421875
2 0.5078125 0.74296875 0.03828125 0.07109375
2 0.178125 0.2875 0.04375 0.0703125
2 0.2 0.22734375 0.04375 0.0734375
2 0.51328125 0.25625 0.03984375 0.071875
2 0.82578125 0.75859375 0.04296875 0.07109375