1 0.11640625 0.19140625 0.08671875 0.1375
1 0.14453125 0.821875 0.084375 0.13671875
1 0.50703125 0.8046875 0.0609375 0.1203125
1 0.865625 0.7765625 0.08203125 0.1375
1 0.85390625 0.15625 0.0828125 0.134375
1 0.48671875 0.1703125 0.05859375 0.13125
0 0.1484375 0.2359375 0.04609375 0.07734375
0 0.16875 0.76875 0.0453125 0.0734375
2 0.81953125 0.1890625 0.046875 0.07734375
2 0.5125 0.7328125 0.0421875 0.0734375
2 0.5015625 0.24609375 0.0421875 0.0734375
2 0.83125 0.73046875 0.04609375 0.0734375
2 0.18671875 0.2359375 0.046875 0.07734375
2 0.1671875 0.29375 0.046875 0.07734375