1 0.1265625 0.18125 0.0828125 0.13359375
1 0.13359375 0.8125 0.0796875 0.13203125
1 0.49609375 0.81640625 0.05625 0.1171875
1 0.8546875 0.809375 0.078125 0.1328125
1 0.865625 0.1890625 0.078125 0.1296875
1 0.4984375 0.18125 0.05390625 0.128125
0 0.1578125 0.22734375 0.04375 0.075
0 0.159375 0.7609375 0.04296875 0.07109375
2 0.82890625 0.21953125 0.04375 0.07421875
2 0.50390625 0.74453125 0.0390625 0.07109375
2 0.51015625 0.2578125 0.03984375 0.07109375
2 0.821875 0.7609375 0.04375 0.07109375
2 0.19609375 0.2296875 0.0453125 0.075
2 0.175 0.2859375 0.0453125 0.075