1 0.88359375 0.2046875 0.08671875 0.13671875
1 0.85546875 0.83515625 0.084375 0.1359375
1 0.49296875 0.821875 0.0609375 0.1203125
1 0.134375 0.79765625 0.08203125 0.13671875
1 0.14609375 0.178125 0.0828125 0.13359375
1 0.51328125 0.1875 0.05859375 0.13125
0 0.8515625 0.24921875 0.04609375 0.07734375
0 0.83125 0.7828125 0.0453125 0.0734375
2 0.18046875 0.21015625 0.046875 0.07734375
2 0.4875 0.75 0.0421875 0.0734375
2 0.4984375 0.2640625 0.0421875 0.0734375
2 0.16875 0.7515625 0.04609375 0.0734375
2 0.81328125 0.24921875 0.046875 0.07734375
2 0.8328125 0.3078125 0.046875 0.07734375