1 0.128125 0.18125 0.0859375 0.1359375
1 0.1484375 0.81484375 0.0828125 0.1328125
1 0.50625 0.81953125 0.059375 0.11796875
1 0.86484375 0.8078125 0.08125 0.13359375
1 0.8640625 0.18671875 0.08125 0.13125
1 0.49375 0.184375 0.05625 0.12890625
0 0.1578125 0.2296875 0.040625 0.0671875
0 0.17109375 0.7640625 0.0453125 0.0703125
2 0.8296875 0.21796875 0.046875 0.075
2 0.515625 0.7453125 0.0390625 0.07109375
2 0.17578125 0.29140625 0.04609375 0.0703125
2 0.19609375 0.23125 0.0453125 0.0734375
2 0.5109375 0.259375 0.040625 0.07109375
2 0.834375 0.7609375 0.04375 0.06875