1 0.8859375 0.19921875 0.0921875 0.1390625
1 0.8546875 0.83125 0.0875 0.13671875
1 0.496875 0.81953125 0.06328125 0.1203125
1 0.1390625 0.790625 0.08671875 0.1375
1 0.15 0.1703125 0.08671875 0.134375
1 0.5203125 0.184375 0.0625 0.13125
0 0.85625 0.24609375 0.0453125 0.06875
0 0.83203125 0.7796875 0.04765625 0.07109375
2 0.184375 0.203125 0.05 0.07734375
2 0.4890625 0.7453125 0.04296875 0.071875
2 0.8359375 0.30625 0.0484375 0.07109375
2 0.8171875 0.24609375 0.0484375 0.07421875
2 0.5015625 0.25859375 0.0453125 0.0734375
2 0.1703125 0.7453125 0.046875 0.0703125