1 0.13359375 0.17421875 0.0828125 0.13359375
1 0.13828125 0.8078125 0.0796875 0.13203125
1 0.49609375 0.81640625 0.05625 0.1171875
1 0.8546875 0.809375 0.078125 0.1328125
1 0.86796875 0.18828125 0.078125 0.1296875
1 0.4984375 0.18125 0.05390625 0.128125
0 0.1609375 0.2234375 0.03984375 0.06640625
0 0.1625 0.75703125 0.04375 0.06953125
2 0.8328125 0.21953125 0.04609375 0.075
2 0.50703125 0.74296875 0.03828125 0.07109375
2 0.178125 0.284375 0.0453125 0.06953125
2 0.2 0.225 0.04375 0.071875
2 0.5140625 0.25625 0.03984375 0.07109375
2 0.825 0.76171875 0.04296875 0.06875