1 0.15703125 0.2078125 0.0875 0.13671875
1 0.1765625 0.79921875 0.08515625 0.1359375
1 0.51640625 0.8078125 0.05625 0.11328125
1 0.859375 0.79375 0.07890625 0.12578125
1 0.8625 0.19765625 0.08203125 0.13125
1 0.50703125 0.196875 0.05859375 0.1234375
0 0.1828125 0.25 0.04296875 0.071875
0 0.19765625 0.75625 0.0421875 0.0671875
2 0.52265625 0.73515625 0.0390625 0.06875
2 0.82578125 0.22734375 0.04609375 0.071875
2 0.82890625 0.746875 0.04375 0.06640625
2 0.21953125 0.2515625 0.04375 0.07109375
2 0.2 0.3078125 0.0421875 0.06875