1 0.1546875 0.215625 0.0921875 0.1390625
1 0.19609375 0.80625 0.0875 0.13671875
1 0.5359375 0.81328125 0.05859375 0.1140625
1 0.878125 0.79765625 0.0828125 0.1265625
1 0.86015625 0.2015625 0.08515625 0.13203125
1 0.5046875 0.20234375 0.0609375 0.12421875
0 0.1828125 0.2578125 0.0453125 0.0734375
0 0.215625 0.7625 0.04375 0.06875
2 0.540625 0.740625 0.0421875 0.06953125
2 0.825 0.23125 0.04765625 0.0734375
2 0.846875 0.75078125 0.04609375 0.0671875
2 0.21953125 0.259375 0.04609375 0.071875
2 0.20234375 0.315625 0.0453125 0.06953125