1 0.16796875 0.196875 0.0828125 0.13359375
1 0.17109375 0.7890625 0.0796875 0.13203125
1 0.5109375 0.8109375 0.0515625 0.1109375
1 0.853125 0.81171875 0.07421875 0.12421875
1 0.8734375 0.215625 0.0765625 0.12890625
1 0.51796875 0.2 0.05390625 0.121875
0 0.19296875 0.240625 0.03984375 0.07109375
0 0.19375 0.74609375 0.03984375 0.06640625
2 0.51875 0.7390625 0.0375 0.0671875
2 0.83671875 0.24375 0.04375 0.07109375
2 0.825 0.7640625 0.0421875 0.065625
2 0.2296875 0.24296875 0.0421875 0.0703125
2 0.209375 0.2984375 0.03984375 0.0671875