1 0.80625 0.18125 0.0921875 0.1390625
1 0.8234375 0.76015625 0.0875 0.13671875
1 0.4921875 0.80234375 0.05859375 0.1140625
1 0.15 0.8265625 0.0828125 0.1265625
1 0.10859375 0.23515625 0.08515625 0.13203125
1 0.459375 0.2 0.0609375 0.12421875
0 0.784375 0.2234375 0.04375 0.07109375
0 0.803125 0.721875 0.04296875 0.06875
2 0.48125 0.734375 0.040625 0.0703125
2 0.1453125 0.26015625 0.0484375 0.0734375
2 0.48515625 0.25703125 0.04296875 0.0703125
2 0.74765625 0.2265625 0.04609375 0.07109375
2 0.7703125 0.28125 0.04609375 0.06875
2 0.178125 0.77734375 0.04609375 0.0671875