1 0.17578125 0.203125 0.0828125 0.13359375
1 0.18125 0.78203125 0.0796875 0.13203125
1 0.51484375 0.8046875 0.0515625 0.1109375
1 0.85625 0.809375 0.07421875 0.12421875
1 0.87421875 0.215625 0.07734375 0.12890625
1 0.52265625 0.2015625 0.05390625 0.121875
0 0.2 0.24296875 0.03984375 0.06953125
0 0.20078125 0.74296875 0.0390625 0.06640625
2 0.521875 0.7359375 0.0375 0.06875
2 0.8390625 0.24296875 0.04375 0.07109375
2 0.49921875 0.259375 0.03828125 0.06875
2 0.2359375 0.24453125 0.0421875 0.06953125
2 0.215625 0.3 0.040625 0.06640625
2 0.82734375 0.76171875 0.0421875 0.065625