1 0.803125 0.1765625 0.0921875 0.13984375
1 0.8375 0.7546875 0.0890625 0.1375
1 0.50703125 0.80234375 0.059375 0.1140625
1 0.165625 0.83203125 0.0828125 0.128125
1 0.10625 0.24140625 0.08515625 0.134375
1 0.45625 0.2015625 0.06171875 0.125
0 0.78203125 0.21796875 0.04375 0.07109375
0 0.815625 0.71640625 0.04375 0.06875
2 0.49453125 0.734375 0.040625 0.0703125
2 0.14375 0.26640625 0.0484375 0.0734375
2 0.48359375 0.25703125 0.04296875 0.07109375
2 0.7453125 0.22265625 0.04609375 0.071875
2 0.76953125 0.2765625 0.04609375 0.06953125
2 0.1921875 0.7828125 0.04609375 0.06875