1 0.15703125 0.18828125 0.0828125 0.13359375
1 0.16328125 0.78984375 0.0796875 0.13203125
1 0.5078125 0.80390625 0.0515625 0.1109375
1 0.85234375 0.81015625 0.07421875 0.12421875
1 0.8703125 0.20625 0.07734375 0.12890625
1 0.5125 0.19453125 0.05390625 0.121875
0 0.184375 0.23359375 0.03984375 0.0703125
0 0.1859375 0.7453125 0.040625 0.0671875
2 0.51484375 0.73671875 0.0375 0.06875
2 0.834375 0.23671875 0.04375 0.07109375
2 0.82265625 0.759375 0.0421875 0.06875
2 0.49140625 0.2515625 0.0390625 0.06875
2 0.221875 0.23671875 0.04296875 0.071875
2 0.20078125 0.2921875 0.0421875 0.0703125