1 0.83515625 0.19609375 0.08984375 0.1375
1 0.86484375 0.79765625 0.08671875 0.13671875
1 0.521875 0.815625 0.05859375 0.1140625
1 0.178125 0.8265625 0.08125 0.128125
1 0.12421875 0.221875 0.084375 0.1328125
1 0.48125 0.20625 0.0609375 0.12421875
0 0.81171875 0.24140625 0.04375 0.071875
0 0.83984375 0.753125 0.0453125 0.06953125
2 0.51015625 0.74921875 0.040625 0.0703125
2 0.16328125 0.2515625 0.0484375 0.0734375
2 0.2046875 0.775 0.04609375 0.0703125
2 0.50546875 0.2640625 0.04296875 0.0703125
2 0.77421875 0.2453125 0.04765625 0.07421875
2 0.7984375 0.30078125 0.04609375 0.071875