1 0.8515625 0.17421875 0.08671875 0.13671875
1 0.8453125 0.7765625 0.084375 0.134375
1 0.50078125 0.7921875 0.05546875 0.11328125
1 0.15703125 0.8 0.078125 0.1265625
1 0.13828125 0.196875 0.08125 0.13203125
1 0.49609375 0.1828125 0.0578125 0.1234375
0 0.82421875 0.2203125 0.0421875 0.07109375
0 0.8234375 0.73203125 0.04296875 0.06875
2 0.49375 0.725 0.0390625 0.0703125
2 0.175 0.22734375 0.04609375 0.071875
2 0.1859375 0.75 0.04375 0.06953125
2 0.5171875 0.240625 0.040625 0.06953125
2 0.7875 0.2234375 0.0453125 0.07421875
2 0.8078125 0.2796875 0.04375 0.07109375