1 0.15390625 0.228125 0.08515625 0.12578125
1 0.1890625 0.79921875 0.0875 0.13671875
1 0.51484375 0.78515625 0.059375 0.115625
1 0.8375 0.7578125 0.0828125 0.128125
1 0.83671875 0.18984375 0.0765625 0.12578125
1 0.49296875 0.18828125 0.06171875 0.125
0 0.18359375 0.271875 0.04375 0.06875
0 0.2078125 0.75859375 0.0421875 0.065625
2 0.49375 0.7453125 0.0390625 0.06640625
2 0.803125 0.2203125 0.04609375 0.0703125
2 0.81015625 0.7171875 0.04375 0.0671875
2 0.47734375 0.2640625 0.040625 0.0671875
2 0.21953125 0.271875 0.0453125 0.07109375
2 0.2015625 0.32734375 0.04375 0.06953125