1 0.17265625 0.2125 0.07734375 0.121875
1 0.18828125 0.7859375 0.0796875 0.13203125
1 0.51328125 0.7921875 0.0515625 0.1109375
1 0.8359375 0.7859375 0.07421875 0.12421875
1 0.85546875 0.21796875 0.06875 0.121875
1 0.5125 0.19453125 0.05390625 0.121875
0 0.20078125 0.2578125 0.03984375 0.065625
0 0.2078125 0.74609375 0.03828125 0.06328125
2 0.49375 0.7515625 0.03515625 0.065625
2 0.82109375 0.246875 0.040625 0.0671875
2 0.8109375 0.74375 0.03984375 0.0640625
2 0.49453125 0.26875 0.0375 0.065625
2 0.2359375 0.259375 0.03984375 0.06875
2 0.2171875 0.31484375 0.03984375 0.06640625