1 0.1859375 0.1921875 0.084375 0.12578125
1 0.16484375 0.76640625 0.0875 0.1375
1 0.4890625 0.784375 0.05859375 0.115625
1 0.8109375 0.78828125 0.0828125 0.128125
1 0.86640625 0.221875 0.075 0.12578125
1 0.5265625 0.1859375 0.0609375 0.125
0 0.2109375 0.2390625 0.04375 0.06875
0 0.18671875 0.72734375 0.0421875 0.06640625
2 0.471875 0.74296875 0.0390625 0.0671875
2 0.83046875 0.24921875 0.04609375 0.0703125
2 0.78828125 0.7453125 0.04375 0.0671875
2 0.50390625 0.26015625 0.040625 0.06875
2 0.24609375 0.24140625 0.0453125 0.07109375
2 0.2234375 0.29609375 0.04375 0.06953125