0 0.15625 0.69296875 0.05 0.07734375
1 0.9453125 0.153125 0.10625 0.1640625
1 0.8890625 0.91328125 0.11328125 0.153125
1 0.4328125 0.9046875 0.0828125 0.159375
1 0.5015625 0.1203125 0.08125 0.1546875
1 0.06875 0.09921875 0.1015625 0.1796875
1 0.0203125 0.8703125 0.03984375 0.1734375
2 0.4234375 0.48828125 0.0453125 0.07421875
2 0.43671875 0.18203125 0.04296875 0.075
2 0.38125 0.20078125 0.046875 0.078125
2 0.25390625 0.175 0.0484375 0.07734375
2 0.3234375 0.46875 0.04609375 0.07421875
2 0.33515625 0.525 0.046875 0.0734375
2 0.37421875 0.540625 0.04609375 0.0734375
2 0.35625 0.60625 0.04375 0.06953125
2 0.34453125 0.665625 0.046875 0.0734375
2 0.1984375 0.47265625 0.04609375 0.07109375
2 0.20625 0.3828125 0.04765625 0.07421875
2 0.134375 0.40859375 0.0484375 0.0734375
2 0.13515625 0.646875 0.05 0.078125
2 0.10390625 0.62578125 0.046875 0.071875
2 0.1140625 0.709375 0.05 0.07734375