0 0.815625 0.7 0.04765625 0.075
1 0.05390625 0.15703125 0.10625 0.1625
1 0.071875 0.9203125 0.11015625 0.159375
1 0.52734375 0.91015625 0.0796875 0.15703125
1 0.49921875 0.12578125 0.07890625 0.15234375
1 0.934375 0.1078125 0.0984375 0.178125
1 0.95546875 0.87890625 0.06171875 0.171875
2 0.559375 0.49453125 0.04375 0.071875
2 0.56171875 0.18828125 0.0421875 0.0734375
2 0.61796875 0.20703125 0.04609375 0.0765625
2 0.7453125 0.18203125 0.046875 0.075
2 0.6609375 0.47578125 0.0453125 0.071875
2 0.64609375 0.53203125 0.04609375 0.07109375
2 0.60546875 0.54765625 0.0453125 0.07109375
2 0.6203125 0.6125 0.04296875 0.0671875
2 0.62890625 0.671875 0.04609375 0.07109375
2 0.78515625 0.48046875 0.0453125 0.06953125
2 0.78203125 0.390625 0.046875 0.071875
2 0.85234375 0.41640625 0.04765625 0.07109375
2 0.83984375 0.6546875 0.0484375 0.0765625
2 0.871875 0.63359375 0.04609375 0.0703125
2 0.85703125 0.7171875 0.04765625 0.075