0 0.8171875 0.7171875 0.04375 0.0734375
1 0.075 0.134375 0.0953125 0.15703125
1 0.065625 0.90546875 0.0984375 0.16875
1 0.521875 0.9125 0.06953125 0.1546875
1 0.521875 0.1265625 0.06875 0.14921875
1 0.95625 0.13125 0.08671875 0.1734375
1 0.9625 0.90390625 0.075 0.16875
2 0.56796875 0.4984375 0.0390625 0.0703125
2 0.58125 0.1921875 0.03828125 0.07109375
2 0.6359375 0.2140625 0.040625 0.07421875
2 0.76484375 0.19609375 0.04296875 0.0734375
2 0.6703125 0.484375 0.03984375 0.0703125
2 0.653125 0.53984375 0.040625 0.06953125
2 0.6125 0.553125 0.040625 0.06953125
2 0.625 0.61875 0.0390625 0.06640625
2 0.63125 0.67890625 0.040625 0.06953125
2 0.79375 0.4953125 0.03984375 0.0671875
2 0.79453125 0.40546875 0.0421875 0.0703125
2 0.8640625 0.4359375 0.04375 0.06953125
2 0.8421875 0.67265625 0.04375 0.07421875
2 0.87578125 0.65390625 0.0421875 0.06875
2 0.8578125 0.7359375 0.04375 0.0734375