2 0.81171875 0.7640625 0.0390625 0.06875
2 0.79375 0.7046875 0.0390625 0.071875
2 0.75703125 0.709375 0.0375 0.0703125
2 0.771875 0.8296875 0.0390625 0.0671875
2 0.7359375 0.81875 0.03984375 0.06875
2 0.71953125 0.703125 0.0390625 0.06640625
2 0.5796875 0.478125 0.040625 0.06640625
2 0.54375 0.47734375 0.03515625 0.06171875
2 0.525 0.42109375 0.03828125 0.06953125
2 0.559375 0.42265625 0.03828125 0.0671875
2 0.52578125 0.528125 0.03828125 0.0625
2 0.71328125 0.76484375 0.0375 0.06171875
2 0.50859375 0.47578125 0.0375 0.0671875
2 0.5953125 0.41875 0.0375 0.06640625
2 0.77578125 0.76484375 0.0421875 0.07109375
1 0.075 0.134375 0.0953125 0.1578125
1 0.5203125 0.12421875 0.0671875 0.1578125
1 0.95703125 0.13125 0.0859375 0.171875
1 0.9625 0.90703125 0.0734375 0.159375
1 0.52421875 0.91328125 0.07109375 0.15625
1 0.0671875 0.9109375 0.10078125 0.1671875
0 0.56171875 0.52734375 0.03828125 0.06953125