2 0.81640625 0.76484375 0.0421875 0.06953125
2 0.79921875 0.70546875 0.0421875 0.0734375
2 0.7625 0.709375 0.03984375 0.07109375
2 0.775 0.8296875 0.0421875 0.06875
2 0.7390625 0.81796875 0.04296875 0.0703125
2 0.725 0.70234375 0.0421875 0.0671875
2 0.58828125 0.47421875 0.04375 0.06875
2 0.553125 0.47265625 0.03828125 0.0625
2 0.5359375 0.415625 0.040625 0.0703125
2 0.56953125 0.41875 0.040625 0.06875
2 0.534375 0.52265625 0.040625 0.06328125
2 0.71796875 0.7640625 0.03984375 0.0625
2 0.5171875 0.4703125 0.03984375 0.06875
2 0.60546875 0.415625 0.03984375 0.0671875
2 0.78046875 0.765625 0.0453125 0.0734375
1 0.08984375 0.11875 0.1046875 0.1625
1 0.5359375 0.11875 0.075 0.1609375
1 0.9625 0.13671875 0.07421875 0.17578125
1 0.96171875 0.909375 0.0765625 0.159375
1 0.525 0.9078125 0.07890625 0.159375
1 0.06875 0.8953125 0.10859375 0.17109375
0 0.56953125 0.52265625 0.040625 0.0703125