2 0.82109375 0.77265625 0.03984375 0.0703125
2 0.8015625 0.71328125 0.03984375 0.07421875
2 0.7640625 0.71796875 0.03828125 0.071875
2 0.7828125 0.83828125 0.03984375 0.06875
2 0.74609375 0.8265625 0.040625 0.0703125
2 0.72734375 0.71171875 0.03984375 0.0671875
2 0.58203125 0.48671875 0.0421875 0.0671875
2 0.54609375 0.4859375 0.0359375 0.0625
2 0.5265625 0.4296875 0.0390625 0.07109375
2 0.5609375 0.43125 0.0390625 0.06953125
2 0.5296875 0.5375 0.0390625 0.06328125
2 0.721875 0.7734375 0.03828125 0.0625
2 0.5109375 0.48515625 0.03828125 0.06875
2 0.59609375 0.428125 0.03828125 0.0671875
2 0.784375 0.77421875 0.04296875 0.0734375
1 0.06953125 0.14296875 0.1 0.1625
1 0.51484375 0.1328125 0.0703125 0.16015625
1 0.9515625 0.14140625 0.0890625 0.17578125
1 0.96796875 0.915625 0.06328125 0.1609375
1 0.53671875 0.92109375 0.07421875 0.15703125
1 0.07890625 0.9171875 0.103125 0.165625
0 0.56484375 0.5359375 0.0390625 0.07109375