2 0.17890625 0.63671875 0.0453125 0.06953125
2 0.278125 0.584375 0.04296875 0.06875
2 0.2703125 0.4734375 0.040625 0.0609375
2 0.27265625 0.3203125 0.0421875 0.0671875
2 0.2796875 0.21015625 0.040625 0.06953125
2 0.1890625 0.3875 0.0453125 0.071875
2 0.43359375 0.18671875 0.0421875 0.06953125
2 0.5890625 0.4984375 0.0390625 0.0703125
2 0.66875 0.45390625 0.040625 0.071875
2 0.71640625 0.60859375 0.0421875 0.06953125
2 0.85625 0.4296875 0.040625 0.06640625
2 0.84296875 0.70546875 0.0453125 0.0703125
2 0.7671875 0.5109375 0.04296875 0.06953125
2 0.83515625 0.17109375 0.0453125 0.06953125
0 0.61328125 0.228125 0.040625 0.07109375
1 0.94765625 0.8703125 0.1046875 0.16484375
1 0.95234375 0.11484375 0.09453125 0.1765625
1 0.52265625 0.109375 0.07421875 0.15
1 0.51015625 0.8765625 0.071875 0.15703125
1 0.0671875 0.8734375 0.10859375 0.1703125
1 0.0828125 0.1109375 0.10625 0.1671875
2 0.2703125 0.77421875 0.0421875 0.0734375