2 0.1765625 0.65078125 0.0421875 0.0671875
2 0.27421875 0.596875 0.03984375 0.06640625
2 0.26484375 0.4859375 0.03828125 0.05859375
2 0.26328125 0.33359375 0.0390625 0.065625
2 0.2671875 0.2234375 0.03828125 0.0671875
2 0.18125 0.4015625 0.0421875 0.0703125
2 0.4203125 0.19609375 0.0390625 0.0671875
2 0.58359375 0.50546875 0.0359375 0.06875
2 0.6625 0.459375 0.03828125 0.0703125
2 0.7125 0.61328125 0.0390625 0.0671875
2 0.8484375 0.43203125 0.03828125 0.0640625
2 0.8421875 0.70859375 0.0421875 0.06875
2 0.76171875 0.51484375 0.03984375 0.0671875
2 0.821875 0.17421875 0.0421875 0.0671875
0 0.60078125 0.23515625 0.03828125 0.06953125
1 0.95078125 0.871875 0.0984375 0.16015625
1 0.94453125 0.11640625 0.1 0.171875
1 0.50859375 0.11796875 0.0671875 0.14765625
1 0.5140625 0.88515625 0.065625 0.1546875
1 0.06953125 0.8890625 0.1015625 0.1640625
1 0.06875 0.12734375 0.1 0.1625
2 0.27109375 0.78671875 0.0390625 0.07109375