2 0.8265625 0.6546875 0.04296875 0.06875
2 0.72734375 0.60078125 0.040625 0.06640625
2 0.73515625 0.490625 0.0390625 0.05859375
2 0.73359375 0.3375 0.03984375 0.065625
2 0.728125 0.22734375 0.0390625 0.0671875
2 0.8171875 0.40546875 0.04296875 0.071875
2 0.57421875 0.2015625 0.03984375 0.0671875
2 0.41640625 0.51171875 0.0375 0.06953125
2 0.3375 0.46640625 0.0390625 0.07109375
2 0.2890625 0.6203125 0.03984375 0.06875
2 0.15 0.43984375 0.0390625 0.0640625
2 0.16171875 0.71640625 0.04296875 0.0703125
2 0.2390625 0.52265625 0.040625 0.06875
2 0.171875 0.18203125 0.04296875 0.06953125
0 0.39453125 0.24140625 0.0390625 0.0703125
1 0.05546875 0.8796875 0.10078125 0.16328125
1 0.05 0.12421875 0.1 0.1734375
1 0.48515625 0.12421875 0.0703125 0.14921875
1 0.49296875 0.89140625 0.06875 0.15625
1 0.93671875 0.8921875 0.103125 0.1671875
1 0.925 0.13125 0.1015625 0.16484375
2 0.73359375 0.790625 0.03984375 0.071875