0 0.0796875 0.61015625 0.040625 0.0703125
1 0.9140625 0.12265625 0.10234375 0.165625
1 0.465625 0.13203125 0.0765625 0.15
1 0.0375 0.14140625 0.0734375 0.1703125
1 0.05625 0.915625 0.08203125 0.16875
1 0.49453125 0.9171875 0.07109375 0.14921875
1 0.9484375 0.89375 0.103125 0.1703125
2 0.77734375 0.8578125 0.04296875 0.0734375
2 0.634375 0.3875 0.03984375 0.06875
2 0.5453125 0.3796875 0.03984375 0.06875
2 0.50234375 0.38671875 0.0390625 0.0703125
2 0.415625 0.4578125 0.03828125 0.06875
2 0.32890625 0.534375 0.0421875 0.07109375
2 0.134375 0.553125 0.0453125 0.06875
2 0.1109375 0.5015625 0.04375 0.06875
2 0.0734375 0.4578125 0.04375 0.06953125
2 0.08671875 0.54609375 0.046875 0.071875
2 0.0515625 0.56875 0.04296875 0.0734375
2 0.05390625 0.640625 0.04296875 0.06875
2 0.0703125 0.6984375 0.04609375 0.06640625
2 0.10078125 0.66484375 0.04296875 0.06953125
2 0.11796875 0.6078125 0.0453125 0.06875