0 0.078125 0.615625 0.04296875 0.071875
1 0.90703125 0.09453125 0.1046875 0.16875
1 0.4578125 0.121875 0.07734375 0.15234375
1 0.03359375 0.14921875 0.0671875 0.17265625
1 0.059375 0.91796875 0.084375 0.1640625
1 0.49609375 0.90546875 0.0734375 0.1515625
1 0.9484375 0.86328125 0.10234375 0.171875
2 0.778125 0.83515625 0.04375 0.075
2 0.6296875 0.3703125 0.040625 0.0703125
2 0.540625 0.36640625 0.0421875 0.06953125
2 0.4984375 0.375 0.040625 0.071875
2 0.4125 0.44921875 0.03984375 0.0703125
2 0.3265625 0.53046875 0.04296875 0.0734375
2 0.13203125 0.55625 0.04609375 0.0703125
2 0.10859375 0.50625 0.04609375 0.0703125
2 0.0703125 0.4625 0.0453125 0.07109375
2 0.084375 0.5515625 0.04765625 0.0734375
2 0.04921875 0.57578125 0.04375 0.075
2 0.053125 0.646875 0.0453125 0.0703125
2 0.06953125 0.7046875 0.046875 0.06875
2 0.1 0.66875 0.0453125 0.07109375
2 0.11640625 0.61171875 0.04609375 0.0703125