0 0.92734375 0.59453125 0.0390625 0.06953125
1 0.0734375 0.13203125 0.0953125 0.1625
1 0.52265625 0.128125 0.0703125 0.1484375
1 0.95859375 0.12578125 0.08203125 0.16796875
1 0.9625 0.90390625 0.075 0.175
1 0.525 0.91328125 0.065625 0.14765625
1 0.0671875 0.90390625 0.10234375 0.16484375
2 0.240625 0.8625 0.03984375 0.071875
2 0.3640625 0.38828125 0.03828125 0.0671875
2 0.45234375 0.378125 0.03828125 0.0671875
2 0.49609375 0.38359375 0.0375 0.06953125
2 0.58515625 0.45234375 0.0359375 0.0671875
2 0.675 0.5265625 0.03984375 0.0703125
2 0.8703125 0.5390625 0.04296875 0.0671875
2 0.89140625 0.4875 0.0421875 0.0671875
2 0.92734375 0.4421875 0.0421875 0.06875
2 0.91796875 0.53046875 0.0453125 0.0703125
2 0.95390625 0.553125 0.040625 0.071875
2 0.95390625 0.62421875 0.040625 0.0671875
2 0.940625 0.6828125 0.04375 0.065625
2 0.90859375 0.65 0.040625 0.06875
2 0.8890625 0.59375 0.04296875 0.0671875