0 0.36796875 0.61875 0.03984375 0.0734375
1 0.05625 0.121875 0.09765625 0.16328125
1 0.50390625 0.09765625 0.071875 0.15625
1 0.9453125 0.08359375 0.0953125 0.1671875
1 0.95078125 0.85625 0.0796875 0.1609375
1 0.51328125 0.87734375 0.0734375 0.15
1 0.0546875 0.890625 0.1015625 0.17109375
2 0.5515625 0.71015625 0.040625 0.06953125
2 0.72734375 0.57265625 0.0421875 0.0703125
2 0.8 0.59296875 0.04375 0.06953125
2 0.5984375 0.51640625 0.040625 0.0703125
2 0.5625 0.4984375 0.03984375 0.06953125
2 0.5046875 0.428125 0.03828125 0.06875
2 0.49765625 0.4890625 0.040625 0.0734375
2 0.46953125 0.45390625 0.0390625 0.065625
2 0.4328125 0.47578125 0.040625 0.07109375
2 0.32890625 0.5796875 0.0421875 0.075
2 0.28984375 0.5328125 0.03984375 0.06875
2 0.24375 0.4984375 0.0421875 0.0703125
2 0.16953125 0.22734375 0.04375 0.0703125
2 0.1453125 0.684375 0.0453125 0.07421875
2 0.4015625 0.63984375 0.040625 0.0734375