0 0.62578125 0.61875 0.04296875 0.075
1 0.91328125 0.10234375 0.10234375 0.165625
1 0.46640625 0.10703125 0.07734375 0.159375
1 0.0375 0.12109375 0.075 0.171875
1 0.0515625 0.89375 0.09296875 0.16484375
1 0.49296875 0.8875 0.078125 0.153125
1 0.94453125 0.87109375 0.09375 0.1734375
2 0.446875 0.72265625 0.04375 0.07109375
2 0.26484375 0.59609375 0.0453125 0.071875
2 0.19375 0.621875 0.04609375 0.07109375
2 0.39140625 0.53203125 0.04296875 0.071875
2 0.4265625 0.5109375 0.0421875 0.0703125
2 0.48125 0.4375 0.040625 0.06953125
2 0.490625 0.49765625 0.04375 0.075
2 0.51640625 0.46171875 0.040625 0.06640625
2 0.5546875 0.48046875 0.04296875 0.0734375
2 0.66328125 0.57734375 0.0453125 0.07734375
2 0.7 0.52890625 0.0421875 0.06953125
2 0.74453125 0.49140625 0.04375 0.071875
2 0.80546875 0.215625 0.046875 0.071875
2 0.85078125 0.6703125 0.046875 0.0765625
2 0.59296875 0.6421875 0.04296875 0.075