0 0.3734375 0.61875 0.03828125 0.071875
1 0.0640625 0.1140625 0.09296875 0.16015625
1 0.51171875 0.10078125 0.0671875 0.15546875
1 0.95390625 0.09609375 0.090625 0.1671875
1 0.95859375 0.8703125 0.0828125 0.16015625
1 0.51640625 0.88125 0.06953125 0.14921875
1 0.0578125 0.88359375 0.096875 0.16875
2 0.55546875 0.71484375 0.0390625 0.06875
2 0.7328125 0.58125 0.03984375 0.06953125
2 0.80546875 0.603125 0.0421875 0.06875
2 0.603125 0.521875 0.0390625 0.06953125
2 0.56875 0.503125 0.03828125 0.06875
2 0.5109375 0.43125 0.0359375 0.0671875
2 0.503125 0.49140625 0.0390625 0.071875
2 0.47578125 0.45625 0.0375 0.065625
2 0.43828125 0.47734375 0.0390625 0.0703125
2 0.334375 0.57890625 0.03984375 0.07421875
2 0.29609375 0.53125 0.03828125 0.0671875
2 0.24921875 0.4953125 0.03984375 0.06953125
2 0.1765625 0.22265625 0.0421875 0.06953125
2 0.15 0.67890625 0.04296875 0.0734375
2 0.40703125 0.640625 0.0390625 0.071875